0.399893   -0.297412   -0.0514672
0.495813   0.27901   0.0616594
-0.0992307   0.397959   -0.0840485
0.157487   -0.38843   -0.200513
0.337589   0.0659502   0.381911
0.276743   0.0423394   -0.428375
0.497313   -0.109334   0.402731
0.0327458   0.2174   -0.371268
-0.172042   0.44392   0.437517
0.192349   -0.26514   0.0474365
0.292975   0.352678   0.00677661
0.359293   0.493229   0.455086
0.0761819   -0.188104   -0.115515
0.0444982   -0.27009   -0.306952
0.489279   -0.154228   -0.217953
-0.402257   -0.435995   -0.0135039
0.150426   0.0182261   0.266465
0.241141   -0.316292   0.404676
0.381141   -0.339628   -0.234509
-0.0779449   -0.0630273   0.306556
-0.00231054   0.444378   0.0891164
0.36112   -0.492696   -0.0745944
-0.18572   -0.493898   0.193559
0.186679   0.178142   -0.255737
-0.359747   0.221539   -0.316262
0.159962   0.376504   0.174083
-0.042872   0.373423   0.290899
0.372843   -0.390299   0.263787
0.189628   0.407968   -0.372499
0.403957   -0.0611745   0.205544
0.0104309   0.134026   0.342768
-0.260443   -0.233235   -0.231593
0.432994   -0.256843   0.14089
-0.398183   -0.082126   0.117458
0.0610268   -0.0900831   0.127337
0.392062   0.370075   0.247068
0.255789   0.232482   0.311048
-0.184255   -0.243661   -0.0425551
-0.0882802   -0.223702   0.474725
-0.426448   -0.246585   0.278593
-0.0626029   0.0362885   0.11799
0.446888   0.232972   -0.222611
-0.374803   -0.447559   0.222849
-0.0698057   -0.397199   -0.189009
-0.070725   -0.0931934   -0.0134694
-0.255993   0.131326   0.131511
0.349186   0.310194   -0.468243
-0.296472   0.059149   0.493782
-0.0347412   -0.341634   0.0781763
-0.131203   -0.358558   -0.37985
0.011304   0.40053   -0.481403
-0.0997208   0.00539611   0.484656
0.0920827   -0.072681   -0.262975
0.121018   0.261394   -0.0553579
0.298834   0.375295   -0.213892
-0.311548   -0.00128354   -0.0948473
-0.385005   0.326415   0.216188
-0.0734143   0.18372   -0.0146375
0.481091   0.0235949   -0.412996
-0.13966   0.300642   0.129001
0.000175861   -0.238747   0.281524
-0.127314   0.234949   0.499095
0.450625   0.0559343   -0.178434
-0.382195   -0.195473   -0.450998
-0.452806   0.486225   0.412852
-0.449705   0.43692   -0.164738
-0.391352   -0.228491   -0.0839714
0.289921   0.0985424   0.134623
-0.198342   -0.151319   0.180682
0.150012   0.206112   0.475671
0.116193   0.0148345   -0.0660659
0.155306   -0.14238   0.450178
0.223453   -0.18827   0.240422
0.252262   -0.0937161   0.0542151
-0.265623   -0.169054   0.387527
-0.259568   -0.374421   0.439024
0.0754769   0.0201593   -0.426622
-0.101175   -0.38723   0.312575
-0.110239   -0.102146   -0.310956
0.362368   -0.145489   -0.379752
0.122476   0.452485   -0.0651366
-0.138952   0.059531   -0.148944
0.202067   -0.284229   -0.400307
-0.466215   0.254388   0.465647
0.0376627   -0.372896   -0.487099
-0.483125   0.0764735   0.296804
-0.211035   -0.432865   -0.0749018
0.285457   0.120531   -0.0881302
0.0989762   -0.402998   0.26874
-0.295129   0.310019   -0.497897
-0.257292   0.422606   -0.231187
0.229413   -0.426912   0.13015
-0.159524   0.236243   -0.184513
-0.306831   0.00557247   0.296819
-0.498392   0.0865254   0.0566843
-0.329322   0.203724   -0.0828319
-0.379206   -0.0251718   -0.263501
0.0836062   0.209591   0.130793
-0.21527   0.0859956   -0.32046
0.435268   -0.0934956   -0.0256282
0.441465   0.447478   -0.356723
-0.239295   0.194252   0.356089
0.4574   0.491311   0.111095
0.475497   -0.323922   -0.454983
0.26432   -0.150649   -0.184874
0.19405   0.392944   0.422668
-0.321083   0.385724   0.0368299
-0.410785   -0.401266   -0.287268
