0.399913   -0.29756   -0.0514965
0.495701   0.27881   0.0615153
-0.0992974   0.398051   -0.0839854
0.15775   -0.388339   -0.200662
0.337716   0.0659488   0.381995
0.276618   0.042474   -0.428329
0.497564   -0.109356   0.40274
0.03265   0.217275   -0.3714
-0.17196   0.44388   0.43756
0.192325   -0.265257   0.0474743
0.293078   0.352736   0.0067314
0.359013   0.493049   0.455108
0.0764019   -0.188198   -0.11542
0.0444827   -0.270027   -0.307098
0.489435   -0.154258   -0.21783
-0.402104   -0.435792   -0.0134376
0.1499   0.0181721   0.266782
0.241305   -0.316352   0.404477
0.381139   -0.339473   -0.23451
-0.0779424   -0.0630674   0.306541
-0.00241826   0.444475   0.089097
0.361239   -0.492898   -0.0744923
-0.185813   -0.49388   0.193518
0.186621   0.178131   -0.255745
-0.359751   0.22168   -0.31633
0.159923   0.376602   0.174169
-0.0428803   0.373632   0.291127
0.372846   -0.390381   0.263734
0.1896   0.408037   -0.372402
0.404193   -0.0613512   0.205514
0.0102482   0.133983   0.342874
-0.260309   -0.233297   -0.231529
0.432966   -0.256752   0.140715
-0.398362   -0.082332   0.117236
0.0611287   -0.0901967   0.127297
0.392364   0.370119   0.246905
0.255764   0.232774   0.311149
-0.184327   -0.243673   -0.0426627
-0.0884052   -0.223545   0.474602
-0.426405   -0.246775   0.278784
-0.0626905   0.0362309   0.118122
0.446955   0.232997   -0.222588
-0.375201   -0.447619   0.222926
-0.0697848   -0.397179   -0.188972
-0.0705718   -0.0930539   -0.0133175
-0.256071   0.131573   0.13152
0.34925   0.310305   -0.467904
-0.296583   0.0592388   0.493859
-0.0348327   -0.34149   0.0780544
-0.131177   -0.358498   -0.379925
0.0113399   0.400559   -0.481567
-0.0998051   0.00531737   0.484733
0.0919498   -0.0726141   -0.263094
0.121124   0.261556   -0.0552038
0.298646   0.375246   -0.213965
-0.311492   -0.00142219   -0.0948202
-0.385045   0.326585   0.216047
-0.0733577   0.183951   -0.0146597
0.480913   0.0236693   -0.413152
-0.139619   0.300781   0.129072
0.00030511   -0.238853   0.281612
-0.127333   0.23494   0.499131
0.450712   0.0557736   -0.178233
-0.382185   -0.19548   -0.450945
-0.452895   0.486162   0.412967
-0.449657   0.436829   -0.164708
-0.391397   -0.228575   -0.0839529
0.290055   0.0983664   0.134667
-0.198552   -0.151303   0.180673
0.149944   0.205949   0.475443
0.116023   0.0149407   -0.0661092
0.155463   -0.14238   0.450257
0.223401   -0.188326   0.24039
0.252437   -0.0936682   0.0539062
-0.265288   -0.169181   0.387387
-0.259837   -0.37412   0.439231
0.0752425   0.020104   -0.426674
-0.101054   -0.387321   0.312626
-0.110275   -0.102047   -0.310847
0.362173   -0.145785   -0.379604
0.122493   0.452425   -0.0649599
-0.139113   0.0593293   -0.148856
0.2023   -0.284259   -0.400185
-0.466128   0.254402   0.46569
0.0377681   -0.372895   -0.487152
-0.483075   0.0764362   0.296902
-0.211069   -0.43294   -0.0751551
0.285408   0.120496   -0.0882126
0.0989667   -0.402763   0.268614
-0.295142   0.310098   -0.497827
-0.256942   0.422501   -0.23114
0.229513   -0.426892   0.130157
-0.159407   0.236191   -0.184504
-0.306487   0.00560773   0.296638
-0.498475   0.0867218   0.0566355
-0.32922   0.203786   -0.0828801
-0.378962   -0.0252763   -0.263556
0.0835204   0.209406   0.130701
-0.215197   0.0861453   -0.320624
0.435111   -0.0937583   -0.0257697
0.441241   0.447449   -0.356862
-0.239347   0.194193   0.35611
0.457348   0.491335   0.111224
0.475574   -0.324032   -0.4551
0.264249   -0.150584   -0.185032
0.19404   0.392956   0.422902
-0.321208   0.385903   0.0367743
-0.41089   -0.401205   -0.287235
