2.84778
2.84006
2.82631
2.80557
2.7764
2.73684
2.68444
2.61647
2.53039
2.42447
2.29877
2.15638
2.00429
1.85326
1.71585
1.60333
1.52267
1.47536
1.4581
1.46463
1.4875
1.51934
1.55378
1.58584
1.61229
1.63164
1.64404
1.65097
1.65455
1.65679
1.65885
1.66068
1.66117
1.65845
1.65041
1.6354
1.61303
1.58476
1.5538
1.5241
1.49891
1.47977
1.46665
1.45895
1.45637
1.45918
1.46762
1.48117
1.49831
1.51665
1.53347
1.54637
1.5536
1.55428
1.54859
1.53793
1.52483
1.51235
1.50291
1.49757
1.49609
1.49781
1.50212
1.50857
1.51651
1.52478
1.53183
1.53621
1.53729
1.53574
1.53354
1.53318
1.53649
1.54388
1.55425
1.56555
1.57559
1.58292
1.58739
1.58992
1.59181
1.59359
1.59466
1.59379
1.59044
1.58542
1.58042
1.57692
1.57568
1.57678
1.57988
1.58439
1.58955
1.59431
1.59754
1.59824
1.5957
1.5895
1.5796
1.56615
1.54948
1.52999
1.50811
1.4845
1.46052
1.43843
1.42112
1.41122
1.41045
1.41943
1.43755
1.46259
1.49081
1.518
1.54074
1.5569
1.56569
1.56742
1.56323
1.55503
1.54512
1.53569
1.52801
1.52208
1.51692
1.51168
1.50664
1.50331
1.50356
1.50871
1.51905
1.53401
1.55259
1.57352
1.5952
1.61574
1.63311
1.64555
1.65221
1.65368
1.65208
1.65027
1.65032
1.65216
1.65378
1.6527
1.64752
1.63869
1.62867
1.62089
1.61783
1.61961
1.62409
1.62814
1.62896
1.62471
1.61464
1.59899
1.5791
1.55796
1.54058
1.53265
1.53675
1.54954
1.56395
1.57436
1.57947
1.58166
1.58452
1.59043
1.59976
1.61148
1.62409
1.63633
1.64768
1.65857
1.66963
1.68011
1.68734
1.6879
1.67959
1.66267
1.64032
1.61815
1.60242
1.59705
1.60177
1.61284
1.62571
1.63722
1.64616
1.65237
1.65579
1.65574
1.65103
1.64045
1.62359
1.60125
1.57515
1.54721
1.51888
1.49129
1.46617
1.44609
1.43354
1.42962
1.43395
1.44572
1.46444
1.48984
1.52123
1.557
1.59471
1.63137
1.66413
1.69058
1.70917
1.71933
1.72148
1.71676
1.7067
1.69286
1.67657
1.65888
1.64072
1.62306
1.60698
1.59365
1.58417
1.57946
1.58018
1.58663
1.59855
1.61489
1.63387
1.65321
1.67052
1.68372
1.69144
1.6933
1.6897
1.68164
1.67057
1.65835
1.64744
1.64084
1.64102
1.64861
1.66193
1.67824
1.69499
1.71014
1.72178
1.72796
1.727
1.71839
1.70341
1.68487
1.66562
1.64713
1.62928
1.61134
1.59312
1.57516
1.55844
1.54393
1.53235
1.52426
1.52002
1.5196
1.52227
1.52651
1.53027
1.53134
1.52795
1.51927
1.50579
1.48939
1.47329
1.46165
1.45861
1.46701
1.48719
1.51652
1.54995
1.58147
1.60576
1.6194
1.6213
1.61268
1.59675
1.57827
1.56262
1.55423
1.55506
1.56407
1.57807
1.59354
1.60781
1.61926
1.62687
1.62978
1.62733
1.61952
1.6074
1.59298
1.57827
1.5644
1.55131
1.53892
1.52862
1.52364
1.5277
1.54239
1.56568
1.59253
1.61707
1.63456
1.64228
1.63963
1.62798
1.61041
1.5912
1.57503
1.56564
1.5646
1.57073
1.58075
1.59051
1.59612
1.59474
1.58494
1.56709
1.54341
1.51749
1.49329
1.47418
1.46236
1.45877
1.4634
1.47544
1.49338
1.51485
1.53674
1.55554
1.56807
1.5722
1.56771
1.55674
1.54378
1.5342
1.53196
1.53751
1.54776
1.55836
1.56615
1.57049
1.57282
1.57548
1.58031
1.5879
1.5975
1.60755
1.6165
1.62339
1.62796
1.63044
1.63123
1.63069
1.62926
1.6276
1.62661
1.62711
1.62937
1.63294
1.63684
1.63997
1.64148
1.64108
1.63899
1.63579
1.63211
1.62849
1.62539
1.62302
1.62131
1.61979
1.61766
1.61419
1.60897
1.60222
1.59476
1.58787
1.58285
1.58038
1.58008
1.5805
1.57995
1.57784
1.57545
1.57526
1.57912
1.5868
1.5965
1.60611
1.61414
1.61982
1.62303
1.62437
1.62506
1.62673
1.63081
1.63799
1.6479
1.65928
1.67047
1.67979
1.68576
1.68724
1.6835
1.67445
1.66063
1.64333
1.62444
1.6062
1.59068
1.57956
1.57374
1.57324
1.57717
1.5839
1.5914
1.59783
1.60195
1.60341
1.60272
1.6011
1.60008
1.60098
1.60428
1.60918
1.61348
1.61411
1.60809
1.59398
1.57307
1.54981
1.53052
1.52067
1.52243
1.53456
1.55427
1.579
1.60702
1.63703
1.66776
1.69768
1.72506
1.74829
1.76615
1.77783
1.7829
1.78107
1.77206
1.75585
1.73282
1.70406
1.67154
1.63801
1.60678
1.58092
1.56235
1.55106
1.54578
1.54542
1.54997
1.56041
1.57744
1.60025
1.62576
1.64903
1.66476
1.6693
1.66256
1.64902
1.63651
1.63207
1.63836
1.65336
1.67245
1.69036
1.70247
1.70586
1.69978
1.68542
1.66539
1.6431
1.62223
1.60613
1.59704
1.5956
1.60065
1.60966
1.61962
1.62775
1.63215
1.63195
1.62685
1.61645
1.60036
1.57911
1.55523
1.53338
1.51908
1.51658
1.52721
1.54941
1.57984
1.61441
1.64904
1.6805
1.70712
1.72887
1.74679
1.76207
1.77526
1.78577
1.79207
1.79236
1.78516
1.76988
1.74701
1.71798
1.68481
1.64968
1.61485
1.58252
1.55487
1.53379
1.52038
1.51444
1.51452
1.51853
1.52468
1.53206
1.54075
1.55156
1.56513
1.58093
1.5968
1.60955
1.61612
1.61469
1.60505
1.58865
1.56826
1.54723
1.52831
1.51245
1.49899
1.48669
1.4751
1.46516
1.45926
1.46049
1.47105
1.49084
1.51732
1.54664
1.57509
1.59969
1.61815
1.62874
1.63064
1.62449
1.61252
1.59807
1.58463
1.57467
1.56886
1.56604
1.56393
1.56026
1.55355
1.54343
1.53023
1.51445
1.49652
1.47721
1.45834
1.44325
1.43609
1.43992
1.45451
1.47611
1.49958
1.52099
1.53883
1.5537
1.56721
1.5807
1.59445
1.60766
1.61897
1.6272
1.63178
1.63287
1.63115
1.62748
1.62259
1.61688
1.61023
1.6021
1.59202
1.58008
1.56737
1.55599
1.54846
1.5469
1.55225
1.56373
1.57895
1.59442
1.60616
1.61038
1.60423
1.58644
1.55816
1.52345
1.48851
1.45945
1.4397
1.42918
1.42567
1.42699
1.43209
1.4411
1.45462
1.47299
1.49572
1.52143
1.54821
1.57413
1.59757
1.61705
1.6308
1.63662
1.63255
1.61813
1.59519
1.56812
1.54298
1.52582
1.52078
1.52911
1.54937
1.57823
1.61127
1.6437
1.67095
1.68945
1.69727
1.69444
1.68265
1.6648
1.64456
1.62603
1.61315
1.6084
1.61174
1.62039
1.63029
1.63807
1.6426
1.64515
1.64814
1.65293
1.6584
1.66124
1.65777
1.64575
1.62528
1.59873
1.57033
1.54506
1.52762
1.52103
1.52582
1.54002
1.56009
1.58198
1.60188
1.61661
1.62399
1.62311
1.61458
1.60054
1.58441
1.5702
1.56158
1.56099
1.56904
1.5846
1.60534
1.62833
1.65064
1.66957
1.68291
1.68896
1.68675
1.67611
1.65779
1.6332
1.60409
1.5724
1.54028
1.51035
1.48542
1.46797
1.45911
1.4579
1.46177
1.46762
1.47321
1.47788
1.48243
1.48858
1.49778
1.50977
1.52223
1.53222
1.53873
1.54383
1.55166
1.56569
1.58634
1.61048
1.63302
1.64888
1.65435
1.64765
1.62921
1.60183
1.57066
1.54263
1.52462
1.52118
1.53295
1.5568
1.58749
1.61965
1.64915
1.67358
1.69228
1.70598
1.71602
1.72352
1.72866
1.73063
1.72803
1.71943
1.70367
1.67993
1.64786
1.60809
1.5627
1.51548
1.47151
1.43595
1.41235
1.40127
1.40032
1.40563
1.41365
1.42223
1.43088
1.44048
1.45276
1.46969
1.49273
1.52205
1.55604
1.59166
1.62541
1.65426
1.67613
1.68993
1.69532
1.69245
1.68185
1.66444
1.64191
1.61689
1.59247
1.57101
1.55321
1.53815
1.52433
1.51095
1.4985
1.4886
1.48283
1.48184
1.48497
1.49067
1.49724
1.50319
1.50729
1.50872
1.50781
1.5066
1.50878
1.518
1.53551
1.55889
1.58355
1.6055
1.62289
1.63583
1.6452
1.65192
1.6565
1.65927
1.66054
1.66077
1.66064
1.66098
1.66253
1.6655
1.66944
1.6734
1.67629
1.67726
1.67598
1.67286
1.66902
1.66598
1.66497
1.66635
1.66966
1.67403
1.6784
1.6816
1.68237
1.67942
1.6718
1.65931
1.64273
1.62377
1.60439
1.58578
1.56775
1.54934
1.53049
1.51392
1.50497
1.50828
1.52358
1.54556
1.56817
1.58814
1.60494
1.61896
1.63018
1.63803
1.64182
1.6412
1.63616
1.62671
1.61289
1.59483
1.57319
1.54976
1.52775
1.51148
1.50469
1.50833
1.51954
1.53284
1.54265
1.5452
1.53925
1.52597
1.50842
1.49049
1.47564
1.46578
1.46166
1.46389
1.47379
1.49263
1.52049
1.55556
1.59441
1.63288
1.66701
1.69396
1.71242
1.72255
1.72531
1.72146
1.71103
1.69368
1.66948
1.63968
1.6068
1.57407
1.54445
1.51999
1.5019
1.49095
1.48731
1.49011
1.49751
1.50753
1.51878
1.53064
1.54274
1.55475
1.56635
1.57746
1.58837
1.59939
1.61036
1.62016
1.62672
1.62802
1.62315
1.6135
1.60281
1.59615
1.59747
1.60722
1.62199
1.63637
1.64531
1.64586
1.63776
1.62287
1.60395
1.58339
1.56316
1.54563
1.53422
1.53273
1.5435
1.56545
1.59385
1.62229
1.645
1.65832
1.66088
1.6532
1.63693
1.61405
1.58619
1.55442
1.51972
1.48363
1.44864
1.41782
1.39387
1.37796
1.36964
1.36772
1.37149
1.3808
1.39503
1.41218
1.42963
1.44587
1.4611
1.47624
1.49173
1.50716
1.52201
1.53619
1.55007
1.56364
1.57574
1.58396
1.58558
1.57873
1.5635
1.54243
1.52046
1.50375
1.49742
1.503
1.51777
1.53635
1.55351
1.56628
1.57494
1.58198
1.59004
1.59997
1.61034
1.61833
1.62125
2.8313
2.79916
2.75765
2.71098
2.66287
2.61523
2.56762
2.51899
2.47022
2.42512
2.38836
2.36235
2.34553
2.33372
2.32258
2.30903
2.29166
2.27133
2.25299
2.24564
2.25712
2.28628
2.32134
2.34704
2.35277
2.33607
2.30206
2.26145
2.22714
2.21095
2.22172
2.26265
2.32642
2.39572
2.45275
2.4872
2.4969
2.48492
2.45704
2.42022
2.38155
2.34677
2.31888
2.29777
2.2822
2.27289
2.27359
2.28764
2.3122
2.33733
2.3522
2.3521
2.34092
2.3272
2.31647
2.30812
2.29957
2.29067
2.28243
2.27406
2.26352
2.25122
2.2418
2.24106
2.25054
2.26608
2.2818
2.29549
2.30976
2.32756
2.3472
2.36302
2.37032
2.36952
2.36689
2.37016
2.38197
2.39966
2.4215
2.44919
2.4837
2.52156
2.55585
2.57931
2.58635
2.57387
2.54177
2.49381
2.43858
2.38891
2.35797
2.35331
2.37352
2.41076
2.45559
2.49984
2.53664
2.55966
2.56376
2.54662
2.51015
2.46035
2.406
2.35668
2.32076
2.30353
2.30618
2.32615
2.35817
2.39551
2.43154
2.46112
2.48154
2.49265
2.49609
2.49429
2.48953
2.48336
2.47649
2.46908
2.46119
2.45276
2.44348
2.43276
2.41974
2.40381
2.38564
2.36749
2.3516
2.33833
2.32746
2.32152
2.32606
2.34515
2.37681
2.41317
2.44473
2.46462
2.47011
2.46151
2.44057
2.41091
2.38037
2.36218
2.36946
2.4049
2.45726
2.50948
2.54748
2.56235
2.54886
2.50496
2.43319
2.34282
2.25033
2.17571
2.13455
2.13086
2.15693
2.20076
2.2522
2.30224
2.33995
2.35424
2.34096
2.31017
2.28288
2.27211
2.27241
2.27347
2.27272
2.274
2.28188
2.2983
2.32116
2.34455
2.36146
2.3674
2.36254
2.35135
2.34004
2.33333
2.33331
2.34042
2.35342
2.369
2.38267
2.39024
2.3888
2.37738
2.35738
2.3321
2.30558
2.28142
2.26185
2.24753
2.23781
2.23158
2.22822
2.22826
2.23333
2.24373
2.25496
2.25891
2.24986
2.22862
2.20155
2.17708
2.16256
2.16286
2.18019
2.21279
2.25281
2.28784
2.30601
2.3007
2.27286
2.23158
2.19158
2.16673
2.1631
2.17728
2.20086
2.22647
2.25051
2.27272
2.29443
2.31697
2.34057
2.36382
2.38393
2.39724
2.40014
2.39011
2.36705
2.33419
2.29772
2.2651
2.24254
2.23259
2.23282
2.23761
2.24163
2.24263
2.24333
2.25285
2.28265
2.33472
2.39575
2.44798
2.48112
2.4938
2.49032
2.47826
2.46668
2.46255
2.46673
2.47366
2.47577
2.4683
2.45112
2.4285
2.40714
2.39242
2.38549
2.38403
2.38583
2.3908
2.40004
2.41404
2.43174
2.45098
2.46919
2.48334
2.48979
2.48504
2.46685
2.43542
2.39416
2.35005
2.31259
2.29019
2.28527
2.29248
2.30284
2.31003
2.31383
2.31924
2.33281
2.35877
2.39677
2.44211
2.48794
2.52778
2.55759
2.57671
2.58733
2.59265
2.59491
2.5946
2.5911
2.58409
2.57434
2.56303
2.55017
2.53513
2.51897
2.50486
2.49575
2.49302
2.49747
2.50921
2.52611
2.54333
2.55524
2.55751
2.54813
2.52768
2.49946
2.46923
2.44375
2.42864
2.42636
2.43548
2.45156
2.46892
2.48235
2.48802
2.48391
2.46987
2.44758
2.42081
2.39478
2.37443
2.36226
2.3576
2.35799
2.3607
2.36336
2.3647
2.36536
2.36759
2.37377
2.38512
2.40126
2.42021
2.43844
2.4514
2.45483
2.4461
2.4246
2.39171
2.35107
2.30906
2.27361
2.25119
2.24501
2.25488
2.27793
2.30961
2.34523
2.38111
2.41429
2.44129
2.45721
2.45695
2.43761
2.40038
2.35143
2.30106
2.26131
2.24127
2.24247
2.25863
2.28054
2.30133
2.318
2.32981
2.33638
2.33673
2.32941
2.31321
2.28807
2.2559
2.22118
2.19133
2.17688
2.18896
2.23117
2.29281
2.35452
2.39985
2.42043
2.4149
2.38685
2.34329
2.2935
2.24755
2.21412
2.19734
2.19419
2.19661
2.1968
2.19116
2.18132
2.17325
2.17483
2.19254
2.22786
2.27563
2.32586
2.36878
2.39968
2.42014
2.43452
2.44477
2.44912
2.44516
2.43261
2.41315
2.38811
2.35689
2.31916
2.28022
2.25067
2.23614
2.23139
2.22822
2.22292
2.2159
2.2092
2.20567
2.20932
2.22468
2.2543
2.29554
2.34032
2.379
2.40482
2.41504
2.40948
2.3893
2.35774
2.32085
2.28631
2.26076
2.24908
2.25524
2.28168
2.32711
2.38624
2.45223
2.51868
2.57999
2.63123
2.66814
2.68786
2.68966
2.67525
2.64825
2.61267
2.57156
2.52712
2.48169
2.43761
2.39563
2.35435
2.31199
2.26871
2.22756
2.19276
2.1675
2.15444
2.15844
2.18607
2.23915
2.30861
2.37709
2.42823
2.4532
2.45136
2.42799
2.39163
2.35168
2.31628
2.29124
2.28031
2.28557
2.30612
2.33578
2.36399
2.38093
2.38289
2.37382
2.36232
2.35621
2.35774
2.3634
2.36678
2.36227
2.34729
2.32258
2.29123
2.25721
2.22491
2.19925
2.18488
2.18413
2.19529
2.21343
2.23335
2.25221
2.26954
2.28607
2.30264
2.31923
2.33417
2.34429
2.34653
2.33987
2.32646
2.31192
2.30471
2.3127
2.33667
2.36719
2.38947
2.39086
2.36533
2.31534
2.25229
2.19478
2.16273
2.16829
2.20994
2.27448
2.3441
2.40377
2.4462
2.4718
2.48473
2.48909
2.48703
2.47902
2.46491
2.44533
2.42233
2.39939
2.38055
2.36902
2.36587
2.36936
2.3755
2.38053
2.38324
2.38591
2.39251
2.40557
2.42368
2.44181
2.45412
2.45729
2.45195
2.44183
2.43175
2.42583
2.42605
2.43103
2.43594
2.43387
2.41853
2.38746
2.34428
2.29778
2.25791
2.23228
2.22542
2.23871
2.2691
2.30914
2.35092
2.39031
2.42731
2.46315
2.49751
2.52738
2.54775
2.55422
2.54629
2.53002
2.51664
2.51642
2.53132
2.55339
2.57091
2.57561
2.56525
2.54254
2.51257
2.4804
2.44948
2.42205
2.40031
2.38691
2.38371
2.38963
2.39951
2.4057
2.40277
2.3911
2.37676
2.36759
2.36801
2.37656
2.38774
2.39602
2.39914
2.39894
2.39888
2.40055
2.40279
2.40367
2.40161
2.39494
2.38226
2.36541
2.35213
2.35325
2.37393
2.40845
2.44551
2.47693
2.50055
2.51752
2.5293
2.53687
2.54122
2.54315
2.54203
2.53514
2.51831
2.48813
2.44444
2.39173
2.33863
2.29501
2.2682
2.26059
2.26947
2.28825
2.3087
2.32367
2.32907
2.32457
2.31387
2.3033
2.29684
2.29263
2.28615
2.27608
2.2662
2.26346
2.27416
2.29991
2.33523
2.36896
2.38781
2.38057
2.34416
2.28992
2.23924
2.2035
2.1762
2.15014
2.12972
2.12623
2.14733
2.19119
2.24889
2.31091
2.37099
2.42592
2.47352
2.51118
2.53576
2.54481
2.53834
2.51949
2.49398
2.46835
2.44763
2.43405
2.42697
2.42446
2.4248
2.42658
2.42767
2.42484
2.415
2.39674
2.37078
2.34
2.30872
2.28113
2.25973
2.2453
2.2389
2.24343
2.26256
2.29804
2.3476
2.40508
2.46227
2.51139
2.54715
2.56779
2.57505
2.57328
2.56749
2.56088
2.55303
2.5405
2.51952
2.48951
2.4548
2.42315
2.40145
2.39326
2.39981
2.4209
2.4541
2.49415
2.53429
2.56822
2.59121
2.59965
2.59103
2.56508
2.52594
2.48342
2.44986
2.43276
2.4312
2.43965
2.45282
2.46635
2.47574
2.47647
2.46593
2.44608
2.42409
2.40866
2.40336
2.40477
2.40656
2.40339
2.39213
2.37269
2.34907
2.32762
2.31248
2.30312
2.29664
2.29106
2.28582
2.28081
2.27582
2.27066
2.26632
2.2656
2.27215
2.288
2.31221
2.3416
2.37178
2.39789
2.41586
2.42389
2.42302
2.41643
2.40785
2.39964
2.39159
2.38125
2.36546
2.34204
2.3107
2.27319
2.23332
2.19732
2.17328
2.16839
2.18529
2.22101
2.26867
2.31981
2.36637
2.40295
2.42776
2.44157
2.44635
2.44478
2.44001
2.43485
2.431
2.42865
2.42662
2.42283
2.41514
2.40195
2.38236
2.35633
2.32575
2.29524
2.27144
2.26041
2.26499
2.28361
2.31189
2.34562
2.38219
2.41951
2.454
2.4807
2.49557
2.49726
2.48708
2.46777
2.4429
2.41683
2.39524
2.38541
2.39333
2.41798
2.4488
2.47155
2.4758
2.45714
2.41581
2.35544
2.28371
2.21377
2.16238
2.14171
2.1516
2.18232
2.22286
2.26521
2.30381
2.3345
2.35487
2.36527
2.36847
2.36731
2.36297
2.35562
2.34625
2.33763
2.33344
2.33631
2.34577
2.35811
2.36952
2.38054
2.39622
2.41913
2.44409
2.4627
2.4711
2.47222
2.47319
2.48081
2.49781
2.52136
2.54433
2.55821
2.55608
2.53597
2.50407
2.47359
2.45529
2.44838
2.44493
2.43949
2.43154
2.42295
2.41591
2.41192
2.41128
2.41309
2.41624
2.42029
2.42496
2.42908
2.43014
2.42574
2.41497
2.39808
2.3752
2.34658
2.31475
2.28607
2.26893
2.26927
2.28641
2.31256
2.33636
2.34799
2.34253
2.32036
2.28545
2.24359
2.20124
2.16468
2.13908
2.12729
2.12908
2.14105
2.15764
2.17322
2.18425
2.19073
2.19616
2.20587
2.22477
2.25546
2.29753
2.3481
2.40272
2.4566
2.50552
2.54643
2.57738
2.59695
2.60394
2.59743
2.57755
2.54608
2.50664
2.46438
2.42496
2.39321
2.37187
2.36105
2.3588
2.36242
2.36963
2.37834
2.38531
2.38579
2.37509
2.35123
2.31696
2.28052
2.25376
2.24671
2.26146
2.29147
2.32624
2.356
2.37366
2.37452
2.3558
2.31708
2.26291
2.2061
2.16788
2.16899
2.21473
2.29041
2.3731
2.44464
2.49553
2.52293
2.52811
2.51459
2.48678
2.44922
2.40676
2.36602
2.3352
2.31943
2.31562
2.31391
2.3046
2.28387
2.25596
2.23221
2.22522
2.2396
2.26757
2.29468
2.30886
2.30579
2.29054
2.27635
2.27865
2.30579
2.35346
2.40843
2.84008
2.83415
2.83288
2.83336
2.83131
2.82353
2.80927
2.78984
2.76716
2.74285
2.71828
2.69438
2.67046
2.64399
2.61358
2.58206
2.55573
2.5412
2.54184
2.55611
2.57885
2.60485
2.63082
2.65416
2.67085
2.67562
2.66472
2.63888
2.60352
2.56697
2.53794
2.52293
2.52472
2.54204
2.57013
2.60246
2.63337
2.65982
2.68101
2.69647
2.70437
2.70116
2.68284
2.64763
2.59804
2.5406
2.48406
2.43727
2.40778
2.40056
2.41708
2.45497
2.50912
2.57353
2.64189
2.70603
2.75601
2.7832
2.78348
2.75794
2.7119
2.65393
2.59562
2.54903
2.52053
2.50684
2.4992
2.4905
2.47861
2.46538
2.45375
2.44527
2.43993
2.43812
2.44227
2.45598
2.48021
2.51221
2.54981
2.59388
2.64331
2.6901
2.72365
2.73885
2.73907
2.73391
2.73374
2.74306
2.75774
2.76918
2.77059
2.76051
2.74337
2.72824
2.72406
2.73357
2.75233
2.77329
2.79057
2.79843
2.79047
2.76308
2.72021
2.67476
2.64377
2.63796
2.65391
2.67768
2.69539
2.70057
2.69507
2.68579
2.68044
2.68386
2.69592
2.71182
2.72412
2.72608
2.71535
2.6959
2.67528
2.65942
2.64992
2.64453
2.6388
2.62954
2.61804
2.60901
2.60709
2.617
2.64347
2.68593
2.73535
2.77937
2.80964
2.82461
2.82754
2.82296
2.81355
2.79878
2.77642
2.74614
2.71142
2.67565
2.63687
2.59066
2.53854
2.49105
2.4622
2.46031
2.48399
2.52586
2.57735
2.63104
2.68261
2.73149
2.77911
2.82567
2.86808
2.90042
2.91573
2.90799
2.87371
2.81511
2.7441
2.68195
2.64871
2.65045
2.67866
2.71943
2.76102
2.79557
2.81749
2.82249
2.80994
2.78478
2.75489
2.72833
2.71428
2.72146
2.74854
2.78019
2.79842
2.79413
2.76811
2.7267
2.67873
2.63386
2.60001
2.58167
2.57959
2.59014
2.60568
2.61881
2.62754
2.63564
2.64666
2.65844
2.66357
2.65546
2.63378
2.60522
2.57981
2.56566
2.5656
2.57779
2.59826
2.62259
2.64667
2.66704
2.68259
2.69667
2.71566
2.74365
2.77747
2.80725
2.82208
2.81576
2.78955
2.75143
2.71281
2.68327
2.66605
2.65803
2.6541
2.65125
2.65014
2.65276
2.65794
2.65944
2.65043
2.63145
2.61254
2.60475
2.61014
2.62272
2.6354
2.64467
2.65154
2.65908
2.66859
2.67803
2.68481
2.69008
2.69955
2.71862
2.74657
2.77635
2.79901
2.80648
2.79192
2.75087
2.68576
2.6093
2.53903
2.48551
2.44969
2.43079
2.43116
2.45265
2.49225
2.54284
2.59624
2.64479
2.68204
2.70381
2.70953
2.70278
2.68971
2.6755
2.66224
2.64999
2.63871
2.62862
2.61959
2.61082
2.60155
2.59233
2.58512
2.58204
2.58433
2.59225
2.60528
2.62158
2.63738
2.64775
2.64847
2.63724
2.61382
2.58051
2.54187
2.50244
2.46409
2.42711
2.39499
2.37838
2.39152
2.43912
2.50842
2.57906
2.63615
2.67285
2.68722
2.68022
2.6553
2.61859
2.5779
2.54005
2.50906
2.48677
2.47487
2.4749
2.48706
2.51094
2.54651
2.59264
2.64532
2.69838
2.7463
2.78581
2.81558
2.83499
2.84337
2.84044
2.82772
2.80859
2.78615
2.76062
2.73008
2.6929
2.64945
2.60226
2.55609
2.51656
2.48676
2.46413
2.4423
2.41619
2.38563
2.35619
2.33801
2.34299
2.37875
2.44254
2.52131
2.59904
2.66361
2.70849
2.73113
2.73126
2.71048
2.67274
2.62448
2.5737
2.52829
2.49508
2.47941
2.48405
2.50702
2.54059
2.57332
2.59359
2.59312
2.5697
2.52885
2.48327
2.44846
2.43574
2.44714
2.47637
2.51429
2.55397
2.5929
2.63169
2.67019
2.70472
2.72959
2.74044
2.73581
2.71705
2.68875
2.65943
2.64018
2.64046
2.66313
2.70224
2.74572
2.78096
2.79943
2.79839
2.77985
2.74817
2.70853
2.66784
2.63619
2.62406
2.63536
2.66482
2.70202
2.73589
2.75725
2.76149
2.7507
2.73391
2.72196
2.71901
2.71993
2.71685
2.7069
2.69344
2.68192
2.67481
2.66954
2.66055
2.64313
2.6163
2.58359
2.55229
2.53153
2.52909
2.54735
2.5815
2.6221
2.65975
2.68924
2.71184
2.73294
2.75607
2.78001
2.80191
2.82037
2.83517
2.84627
2.85365
2.85752
2.85827
2.85647
2.85282
2.84763
2.84058
2.8315
2.82106
2.81016
2.7987
2.78552
2.76946
2.75022
2.72869
2.70668
2.68616
2.66755
2.64821
2.62301
2.58861
2.54828
2.51262
2.49408
2.49824
2.5201
2.54846
2.57335
2.5917
2.60767
2.62715
2.65164
2.67716
2.6967
2.70279
2.69139
2.6651
2.63249
2.60394
2.58681
2.58292
2.58951
2.60224
2.61755
2.63292
2.64608
2.65445
2.65584
2.64982
2.63889
2.62817
2.62268
2.62436
2.63159
2.64177
2.65337
2.66593
2.68032
2.6994
2.72483
2.75126
2.76638
2.758
2.72204
2.66672
2.61059
2.57215
2.55902
2.56803
2.59262
2.6279
2.67138
2.72083
2.77187
2.81826
2.85394
2.87457
2.87808
2.86391
2.83209
2.78292
2.71864
2.64605
2.57757
2.52654
2.49932
2.49302
2.50187
2.52213
2.55016
2.57944
2.60217
2.61274
2.60886
2.59166
2.5665
2.54322
2.53231
2.53843
2.55812
2.58361
2.6067
2.62022
2.61855
2.59818
2.55978
2.51071
2.46443
2.43429
2.42695
2.44159
2.47375
2.51787
2.56763
2.61629
2.65751
2.68628
2.69982
2.69777
2.68152
2.65271
2.61186
2.55869
2.49415
2.4228
2.35365
2.29813
2.26506
2.25701
2.27083
2.30086
2.34161
2.38904
2.44047
2.49366
2.54588
2.59395
2.63494
2.66712
2.69029
2.70544
2.71382
2.71662
2.71565
2.71397
2.71505
2.72043
2.72908
2.74097
2.75975
2.78836
2.82179
2.84782
2.8554
2.84148
2.81186
2.77593
2.74017
2.70671
2.67693
2.65339
2.63849
2.63301
2.63608
2.64608
2.66097
2.67801
2.694
2.70696
2.71693
2.72491
2.73156
2.73742
2.74347
2.75003
2.75463
2.75239
2.73896
2.71296
2.67582
2.63025
2.58031
2.53047
2.48222
2.43466
2.3925
2.36908
2.37481
2.4061
2.45184
2.50446
2.56044
2.61542
2.6617
2.69048
2.69719
2.68701
2.67536
2.67836
2.69802
2.72068
2.73067
2.72127
2.69534
2.66029
2.62284
2.5887
2.56347
2.55025
2.54666
2.5471
2.54786
2.54871
2.55082
2.55526
2.56343
2.57724
2.59834
2.62643
2.65896
2.69151
2.71888
2.7368
2.74347
2.73996
2.72854
2.71079
2.68778
2.66259
2.64123
2.62977
2.62968
2.63738
2.648
2.65774
2.66426
2.66681
2.66648
2.66489
2.66281
2.66019
2.65714
2.65464
2.65408
2.65593
2.65856
2.65882
2.65425
2.64526
2.63607
2.63335
2.64174
2.65867
2.67531
2.68405
2.68368
2.67726
2.6669
2.65207
2.63182
2.60656
2.57839
2.55165
2.53284
2.52732
2.53493
2.55077
2.56933
2.58613
2.59746
2.60124
2.59908
2.59605
2.59692
2.604
2.61947
2.64687
2.68825
2.74006
2.79216
2.83093
2.84451
2.82736
2.78257
2.72201
2.66335
2.62404
2.61437
2.63382
2.67246
2.71674
2.75514
2.78006
2.78671
2.77232
2.73782
2.69148
2.64842
2.62006
2.60445
2.59238
2.57904
2.56633
2.5586
2.55913
2.5687
2.58605
2.60932
2.63701
2.66745
2.69753
2.72283
2.74051
2.75208
2.76208
2.77244
2.78092
2.78574
2.78841
2.79096
2.7931
2.79217
2.78447
2.76577
2.73224
2.68241
2.61898
2.54902
2.48196
2.42619
2.38634
2.3636
2.35856
2.37335
2.40911
2.46131
2.51985
2.57485
2.62025
2.6532
2.6726
2.67811
2.66967
2.64767
2.61392
2.57284
2.53159
2.49897
2.48389
2.49262
2.52506
2.57301
2.62318
2.66254
2.68226
2.67928
2.65605
2.61904
2.57645
2.53648
2.50663
2.49402
2.50415
2.53727
2.58586
2.6383
2.68497
2.72111
2.74508
2.75558
2.75067
2.72957
2.69498
2.65473
2.62124
2.60679
2.61565
2.64118
2.67123
2.69557
2.70898
2.71058
2.7021
2.68593
2.66413
2.63874
2.6143
2.60028
2.60778
2.63956
2.68607
2.73399
2.77524
2.80795
2.83295
2.85068
2.86096
2.86421
2.86133
2.85242
2.8364
2.8124
2.78051
2.741
2.69459
2.64402
2.59479
2.55424
2.52919
2.52257
2.53171
2.5492
2.56548
2.57175
2.5629
2.5382
2.50042
2.45502
2.41055
2.37865
2.37004
2.38702
2.42042
2.45576
2.48227
2.49714
2.50436
2.51051
2.51989
2.53239
2.54499
2.5559
2.56764
2.58541
2.61107
2.63941
2.66243
2.67576
2.67938
2.67445
2.66229
2.64621
2.63226
2.62683
2.63266
2.6461
2.65887
2.66317
2.65568
2.6376
2.61177
2.58108
2.5486
2.51833
2.49485
2.48185
2.48065
2.48938
2.50431
2.52286
2.54499
2.56999
2.59342
2.60977
2.61678
2.61593
2.61019
2.60225
2.59403
2.58787
2.58763
2.59729
2.61739
2.6441
2.67165
2.69563
2.71434
2.72886
2.74186
2.75568
2.77114
2.78794
2.80584
2.8251
2.84601
2.86822
2.89058
2.91135
2.92796
2.93681
2.93367
2.91527
2.88084
2.83264
2.77497
2.71367
2.65557
2.60647
2.56841
2.54112
2.52562
2.52426
2.53865
2.56949
2.61645
2.67546
2.73699
2.78947
2.82482
2.8407
2.83926
2.82421
2.79974
2.77209
2.75032
2.74212
2.74751
2.75817
2.76321
2.75529
2.73286
2.69918
2.66007
2.6213
2.5865
2.55687
2.53297
2.51658
2.50997
2.51393
2.52733
2.54869
2.57664
2.60878
2.64149
2.67115
2.6952
2.71161
2.71808
2.71295
2.6978
2.67791
2.65903
2.64307
2.62858
2.61483
2.60387
2.59867
2.60047
2.60722
2.61464
2.61915
2.62099
2.62477
2.63662
2.65937
2.69003
2.72155
2.74781
2.76787
2.78502
2.80132
2.81402
2.81735
2.80628
2.77952
2.74041
2.82547
2.79541
2.7668
2.73868
2.7047
2.65958
2.60619
2.5574
2.52899
2.52785
2.54801
2.57839
2.61016
2.63766
2.6566
2.66387
2.65923
2.6466
2.63201
2.6191
2.60646
2.59004
2.56821
2.54445
2.5252
2.51501
2.51292
2.51334
2.5103
2.50227
2.49333
2.49076
2.50248
2.53394
2.58276
2.6375
2.68376
2.71102
2.71555
2.70031
2.67379
2.64765
2.63304
2.63729
2.66245
2.70525
2.75746
2.80771
2.84654
2.87084
2.88346
2.88898
2.89057
2.89003
2.88974
2.89296
2.9014
2.91209
2.91798
2.91221
2.89222
2.86023
2.82004
2.77388
2.72268
2.66996
2.62415
2.59244
2.57276
2.55869
2.54843
2.5431
2.54153
2.54031
2.53716
2.53332
2.53378
2.54464
2.5684
2.60183
2.63819
2.67022
2.69207
2.70109
2.69861
2.68881
2.67626
2.66393
2.65275
2.64219
2.63041
2.61445
2.59161
2.5623
2.53306
2.51731
2.53006
2.57399
2.63276
2.68507
2.71954
2.73479
2.73354
2.71863
2.69165
2.65572
2.62253
2.61305
2.63783
2.68273
2.72601
2.7556
2.76875
2.76768
2.75762
2.74508
2.73483
2.72677
2.71673
2.70098
2.67982
2.6569
2.6358
2.61658
2.59585
2.5711
2.54476
2.52364
2.51548
2.52457
2.54905
2.58193
2.6154
2.64455
2.6686
2.68924
2.70754
2.72171
2.72819
2.72561
2.71725
2.70971
2.70883
2.7168
2.73238
2.75208
2.76953
2.77671
2.76973
2.75311
2.73777
2.73555
2.75389
2.79247
2.84318
2.894
2.93405
2.95684
2.96094
2.94986
2.93184
2.91827
2.91886
2.93528
2.95959
2.97927
2.98442
2.97108
2.94184
2.9055
2.87364
2.85366
2.84549
2.84632
2.85542
2.87299
2.89637
2.9191
2.93309
2.93105
2.90783
2.86246
2.80203
2.74309
2.70127
2.67725
2.66096
2.64612
2.63388
2.62781
2.63026
2.64199
2.66253
2.69014
2.72156
2.75216
2.77659
2.78954
2.78684
2.76683
2.73284
2.69506
2.66732
2.65787
2.66267
2.67039
2.67188
2.66492
2.65327
2.64347
2.6424
2.65613
2.68713
2.73013
2.77207
2.79854
2.80121
2.78046
2.74409
2.70357
2.66853
2.64247
2.62416
2.6135
2.61475
2.63331
2.67038
2.72098
2.77644
2.82817
2.86986
2.89776
2.90975
2.9038
2.8781
2.83291
2.77355
2.71169
2.66204
2.6355
2.63426
2.65251
2.68035
2.70803
2.72927
2.74274
2.75129
2.75997
2.77387
2.7957
2.82359
2.85003
2.86375
2.8546
2.81856
2.76118
2.69822
2.65119
2.63709
2.65917
2.70644
2.76118
2.80721
2.83474
2.84131
2.83066
2.80983
2.7859
2.76333
2.74343
2.72585
2.71027
2.69683
2.68535
2.67508
2.66545
2.65741
2.65324
2.65478
2.66194
2.67245
2.68295
2.69047
2.69379
2.69426
2.69552
2.701
2.71141
2.72515
2.74082
2.75886
2.78055
2.80632
2.83511
2.86453
2.89085
2.90924
2.91601
2.91223
2.90252
2.88727
2.86003
2.81496
2.75433
2.68872
2.63252
2.59734
2.58725
2.59946
2.62869
2.67013
2.72019
2.77546
2.83138
2.88142
2.91834
2.93684
2.93539
2.91679
2.88732
2.85559
2.83111
2.82165
2.8287
2.84483
2.85775
2.85857
2.84605
2.82503
2.80296
2.78702
2.78221
2.78972
2.80621
2.82553
2.84184
2.8516
2.85368
2.84827
2.83699
2.82369
2.81415
2.81365
2.8231
2.83753
2.84923
2.85207
2.84426
2.82881
2.81184
2.7989
2.79179
2.78866
2.78763
2.7896
2.79743
2.81222
2.8309
2.8474
2.85468
2.84551
2.8133
2.75427
2.67024
2.57111
2.47441
2.40096
2.36749
2.37976
2.42949
2.49739
2.5613
2.60376
2.61611
2.60072
2.57223
2.5526
2.55755
2.5873
2.63057
2.67389
2.70793
2.72928
2.73965
2.74383
2.74737
2.75444
2.76664
2.78293
2.80064
2.81755
2.83395
2.85224
2.87397
2.89704
2.91569
2.9226
2.9116
2.88058
2.8342
2.78431
2.74346
2.71533
2.69346
2.66983
2.64169
2.61207
2.58776
2.57679
2.58468
2.61089
2.64866
2.68833
2.72088
2.73916
2.73882
2.71958
2.68578
2.64563
2.6095
2.58654
2.58057
2.58856
2.605
2.62791
2.65824
2.6938
2.7272
2.75089
2.76229
2.76426
2.76159
2.757
2.75014
2.74
2.72827
2.71939
2.71656
2.71827
2.72029
2.72044
2.719
2.71526
2.70612
2.68937
2.66655
2.64187
2.619
2.59931
2.58206
2.56558
2.54799
2.52768
2.50429
2.48129
2.46658
2.46908
2.49259
2.53376
2.58568
2.6419
2.6972
2.74728
2.78844
2.81836
2.83657
2.84478
2.84643
2.84514
2.84331
2.84106
2.83634
2.82605
2.80845
2.78537
2.76208
2.7446
2.73576
2.73311
2.73081
2.72393
2.71125
2.69425
2.67399
2.65077
2.62683
2.60763
2.6003
2.61039
2.63935
2.68397
2.73753
2.7917
2.838
2.86884
2.87809
2.86217
2.82258
2.76813
2.71305
2.66953
2.6416
2.62773
2.62596
2.63437
2.6498
2.66886
2.68857
2.70544
2.71597
2.71961
2.72102
2.72835
2.74725
2.77511
2.80145
2.81485
2.81114
2.79601
2.77974
2.77047
2.77251
2.7878
2.8141
2.84269
2.86079
2.85783
2.82959
2.77853
2.71255
2.64357
2.58588
2.55295
2.55278
2.58437
2.63787
2.69879
2.75311
2.79102
2.80946
2.81352
2.81482
2.8244
2.84438
2.86726
2.88421
2.89191
2.89132
2.88299
2.8664
2.84246
2.81424
2.78522
2.75754
2.73242
2.7119
2.69988
2.70091
2.71747
2.74726
2.78253
2.81182
2.82406
2.81275
2.77817
2.7281
2.67667
2.63954
2.62527
2.62999
2.6424
2.65392
2.66361
2.67358
2.68201
2.68342
2.67507
2.66089
2.64987
2.65106
2.66842
2.6993
2.73707
2.77462
2.80682
2.8316
2.84922
2.86041
2.86536
2.86371
2.85489
2.83767
2.81036
2.77182
2.72218
2.66411
2.60532
2.56009
2.54193
2.5517
2.57968
2.61847
2.66761
2.72702
2.79067
2.84779
2.88842
2.90711
2.90327
2.8794
2.83963
2.78948
2.73558
2.68385
2.63794
2.59961
2.56978
2.54911
2.53814
2.53717
2.54589
2.56261
2.58413
2.60696
2.63
2.65673
2.69321
2.74043
2.7907
2.83346
2.86164
2.87213
2.86366
2.83598
2.79238
2.744
2.71042
2.70935
2.7407
2.78581
2.8243
2.84609
2.84978
2.8377
2.81495
2.78915
2.76731
2.75128
2.73621
2.7143
2.68038
2.63627
2.59156
2.55997
2.55209
2.56964
2.60616
2.65288
2.70288
2.75054
2.78918
2.81032
2.8052
2.76905
2.71053
2.6585
2.64373
2.66969
2.72265
2.79319
2.87251
2.94659
3.00133
3.02815
3.02494
2.99587
2.9529
2.9163
2.90486
2.91904
2.94121
2.95299
2.94567
2.91999
2.88265
2.84287
2.80955
2.7886
2.78125
2.7838
2.79019
2.79534
2.79677
2.79351
2.78429
2.76727
2.74135
2.70827
2.6733
2.64323
2.62308
2.61368
2.61156
2.61118
2.60872
2.6048
2.60361
2.6089
2.61979
2.62998
2.63109
2.61807
2.5935
2.56781
2.55347
2.55708
2.5768
2.60632
2.63909
2.67022
2.69695
2.71832
2.73507
2.74946
2.76407
2.77976
2.79533
2.80946
2.82176
2.83188
2.83866
2.84084
2.83894
2.83655
2.83914
2.85014
2.86655
2.87902
2.87713
2.85501
2.81401
2.7621
2.71178
2.6772
2.66942
2.6907
2.73226
2.77845
2.81407
2.82952
2.82235
2.79652
2.76056
2.72436
2.69529
2.676
2.66562
2.66278
2.66753
2.67996
2.69725
2.71303
2.72093
2.71879
2.70995
2.70101
2.69738
2.70047
2.7092
2.72313
2.74273
2.7667
2.7898
2.80471
2.80707
2.79981
2.79129
2.78811
2.78962
2.78999
2.7837
2.76851
2.74567
2.7184
2.69056
2.66588
2.64766
2.63786
2.63615
2.63963
2.64439
2.64758
2.64866
2.64925
2.652
2.65961
2.67408
2.69545
2.72146
2.74915
2.77598
2.79874
2.81292
2.81419
2.80022
2.77098
2.72841
2.67628
2.62069
2.57042
2.53614
2.52692
2.54412
2.5798
2.62281
2.66571
2.70689
2.74777
2.78765
2.82083
2.83927
2.83946
2.8284
2.82091
2.82654
2.83975
2.84547
2.83123
2.79358
2.73784
2.6751
2.6185
2.57876
2.5598
2.55765
2.56376
2.57036
2.57433
2.57677
2.57924
2.58226
2.58871
2.60521
2.63553
2.67423
2.70967
2.73149
2.73471
2.72049
2.69576
2.67003
2.65078
2.6411
2.64141
2.65232
2.67417
2.70358
2.73319
2.75641
2.77174
2.78249
2.79313
2.80562
2.81808
2.82663
2.82851
2.82477
2.82209
2.83139
2.85869
2.89556
2.92498
2.93585
2.92837
2.90966
2.88808
2.86958
2.85679
2.84941
2.84479
2.83878
2.82733
2.80827
2.78163
2.74841
2.70956
2.66703
2.62576
2.59434
2.58268
2.59741
2.63786
2.69577
2.75922
2.81809
2.86688
2.90378
2.92793
2.93776
2.93143
2.90828
2.86989
2.82069
2.77091
2.73887
2.73989
2.767
2.79716
2.81371
2.81296
2.79827
2.77478
2.74744
2.72034
2.69668
2.67929
2.67074
2.67238
2.68302
2.69825
2.71189
2.71837
2.71487
2.70316
2.68985
2.68366
2.69013
2.70745
2.7284
2.74747
2.76581
2.78921
2.82189
2.86272
2.90626
2.94602
2.97616
2.99133
2.98729
2.96327
2.92415
2.88006
2.84302
2.82189
2.81989
2.83555
2.86482
2.90211
2.94083
2.9741
2.99598
3.00297
2.99506
2.97482
2.94578
2.91135
2.87484
2.83929
2.80668
2.77772
2.75281
2.73273
2.71843
2.71059
2.70946
2.71523
2.72836
2.74916
2.77673
2.80794
2.8376
2.85981
2.86966
2.86456
2.84479
2.81343
2.77649
2.74233
2.719
2.71039
2.7147
2.72673
2.74173
2.75729
2.77268
2.78708
2.7979
2.8015
2.79593
2.78349
2.77024
2.76238
2.76345
2.77349
2.78894
2.80326
2.80902
2.80105
2.77888
2.7471
2.83931
2.83206
2.83009
2.8331
2.83933
2.84614
2.85094
2.85184
2.84726
2.83576
2.81592
2.78727
2.75142
2.71255
2.67505
2.64075
2.60942
2.58187
2.56132
2.55245
2.55905
2.58202
2.61959
2.66841
2.72452
2.78345
2.84091
2.89391
2.94101
2.98071
3.00924
3.01994
3.00525
2.961
2.89144
2.81114
2.73865
2.68562
2.65386
2.63887
2.63351
2.63222
2.63296
2.63577
2.64239
2.6566
2.68205
2.7183
2.76004
2.80018
2.83375
2.85935
2.87804
2.89075
2.89627
2.89211
2.8794
2.86667
2.86553
2.88018
2.90417
2.92872
2.94976
2.96582
2.97331
2.96747
2.94722
2.91762
2.88818
2.86882
2.86604
2.88036
2.90629
2.93512
2.95936
2.97583
2.98509
2.98898
2.98843
2.98339
2.97433
2.96308
2.95155
2.93923
2.92324
2.903
2.8856
2.88167
2.89397
2.9149
2.93447
2.9461
2.94884
2.94793
2.95193
2.96632
2.98879
3.01016
3.02022
3.0142
2.99508
2.97048
2.94844
2.93527
2.93167
2.93055
2.924
2.91248
2.90532
2.91275
2.93791
2.97483
3.01338
3.04516
3.06616
3.07571
3.07446
3.06309
3.04101
3.00543
2.95235
2.8788
2.7865
2.69014
2.62073
2.60247
2.62402
2.6551
2.6781
2.69174
2.69996
2.70492
2.7073
2.70925
2.71493
2.72827
2.75162
2.78623
2.83111
2.87945
2.91921
2.93921
2.93445
2.9073
2.86586
2.82103
2.78266
2.75661
2.74356
2.74038
2.74206
2.7432
2.73981
2.73144
2.72095
2.70992
2.6943
2.66714
2.62556
2.57526
2.5301
2.50805
2.52352
2.57947
2.66368
2.75338
2.82575
2.86697
2.87465
2.85563
2.82268
2.79045
2.76981
2.76294
2.76347
2.7614
2.74952
2.72727
2.70157
2.6844
2.68807
2.71788
2.76466
2.80765
2.82803
2.8183
2.78303
2.73615
2.69686
2.68388
2.70902
2.77011
2.84904
2.9212
2.9679
2.98096
2.96038
2.91047
2.83847
2.75475
2.67225
2.60484
2.56604
2.56583
2.60332
2.66546
2.73537
2.79901
2.84646
2.87183
2.87359
2.85528
2.82549
2.7962
2.77858
2.77906
2.79746
2.82792
2.86148
2.88958
2.90655
2.91046
2.90257
2.88546
2.86098
2.82862
2.78666
2.7358
2.6828
2.63875
2.61104
2.59813
2.59438
2.59702
2.60775
2.63114
2.67159
2.72842
2.79333
2.85577
2.90892
2.9501
2.97848
2.99368
2.99596
2.98672
2.9682
2.94276
2.91223
2.87779
2.84132
2.80809
2.78714
2.78612
2.80468
2.83378
2.86054
2.87384
2.86801
2.84491
2.81463
2.79263
2.79168
2.81277
2.84395
2.86917
2.87796
2.86796
2.84175
2.80361
2.75918
2.71628
2.68364
2.66765
2.66986
2.68713
2.71334
2.74085
2.76225
2.77225
2.7699
2.76048
2.75376
2.75659
2.76682
2.77744
2.78374
2.78509
2.78348
2.7815
2.78041
2.7794
2.7764
2.76909
2.75558
2.73554
2.71166
2.68997
2.67767
2.67989
2.69845
2.73175
2.77398
2.81553
2.84677
2.86166
2.85825
2.83711
2.8004
2.75151
2.69458
2.63355
2.57267
2.51899
2.48316
2.4744
2.49446
2.53816
2.59904
2.67211
2.75239
2.83303
2.90533
2.96075
2.99333
3.00127
2.98686
2.95422
2.90673
2.84927
2.79701
2.77203
2.77689
2.78905
2.7892
2.77531
2.75496
2.73588
2.72138
2.71012
2.69869
2.68465
2.66788
2.65042
2.6355
2.62676
2.62771
2.64113
2.66814
2.70696
2.75244
2.79764
2.83581
2.86156
2.87137
2.86457
2.84428
2.81728
2.79156
2.77164
2.75584
2.73926
2.71982
2.70113
2.68983
2.6902
2.70179
2.71994
2.73634
2.74131
2.72958
2.70392
2.67375
2.65187
2.65164
2.67989
2.72947
2.78466
2.83381
2.87302
2.90114
2.916
2.9155
2.90021
2.87385
2.84152
2.80778
2.77488
2.74164
2.70488
2.66386
2.62437
2.5981
2.59612
2.62157
2.66824
2.72546
2.78356
2.83601
2.87866
2.90824
2.92171
2.91684
2.89367
2.85574
2.8104
2.76772
2.73864
2.73218
2.75106
2.78813
2.82886
2.85904
2.87115
2.86616
2.85135
2.83616
2.82758
2.82777
2.836
2.85307
2.88182
2.92165
2.96459
2.99851
3.01243
2.99863
2.95333
2.87851
2.78453
2.69076
2.62088
2.59317
2.61175
2.66598
2.73683
2.80453
2.85394
2.87645
2.86908
2.83406
2.77975
2.72248
2.68404
2.67982
2.70733
2.75029
2.79197
2.82229
2.83813
2.84151
2.83793
2.83417
2.83573
2.84499
2.86054
2.87732
2.88765
2.88335
2.85873
2.8134
2.75361
2.6905
2.63439
2.5884
2.5494
2.51649
2.49657
2.50079
2.53502
2.59195
2.65305
2.70029
2.72653
2.73604
2.73838
2.7418
2.74897
2.7565
2.75882
2.75413
2.74678
2.74338
2.74639
2.75182
2.75265
2.74424
2.7283
2.71233
2.70434
2.70685
2.71553
2.72387
2.72917
2.73393
2.74289
2.75875
2.78021
2.80363
2.82628
2.84759
2.86859
2.89046
2.91343
2.93578
2.95304
2.95821
2.9441
2.90788
2.85566
2.80298
2.7672
2.75524
2.76093
2.77529
2.79455
2.81889
2.84795
2.87807
2.90261
2.91549
2.91632
2.9114
2.90751
2.90541
2.90152
2.89436
2.8853
2.87345
2.85482
2.82782
2.79591
2.76621
2.74868
2.75291
2.77937
2.81471
2.84072
2.84719
2.83589
2.81627
2.79931
2.79169
2.79333
2.79989
2.8075
2.8144
2.81932
2.81995
2.81363
2.8004
2.78608
2.78102
2.79359
2.82472
2.86797
2.91254
2.94594
2.95702
2.93919
2.89239
2.82267
2.7399
2.65585
2.58318
2.53356
2.51461
2.52666
2.56275
2.61239
2.66531
2.71315
2.75007
2.77359
2.78458
2.78653
2.7851
2.78789
2.80305
2.83571
2.88423
2.93934
2.98715
3.01469
3.01685
3.00091
2.98125
2.96442
2.94499
2.91785
2.88658
2.86142
2.85292
2.86442
2.88835
2.91052
2.91834
2.90527
2.87156
2.82439
2.77747
2.74441
2.73033
2.7341
2.75442
2.78722
2.82312
2.85248
2.87102
2.87967
2.88074
2.87479
2.86081
2.83846
2.81026
2.7817
2.75878
2.74458
2.73863
2.7398
2.7472
2.75847
2.76968
2.77568
2.76874
2.74112
2.69382
2.64383
2.61869
2.63611
2.68957
2.7586
2.82533
2.87963
2.91717
2.93615
2.93511
2.91265
2.8688
2.80753
2.73979
2.68294
2.65227
2.6532
2.6839
2.73785
2.80016
2.85142
2.87943
2.88502
2.87815
2.86961
2.86481
2.86281
2.86012
2.85537
2.85093
2.85106
2.85892
2.8742
2.89358
2.91377
2.93374
2.9532
2.96945
2.97637
2.96663
2.93494
2.88107
2.8131
2.74922
2.71285
2.71844
2.76011
2.81788
2.87173
2.9083
2.92124
2.91048
2.88127
2.84326
2.80942
2.79345
2.80442
2.84169
2.89403
2.94369
2.97251
2.96833
2.92957
2.86624
2.79688
2.74212
2.71592
2.71876
2.74056
2.77062
2.80393
2.83967
2.87667
2.91111
2.93855
2.95687
2.96664
2.96853
2.96107
2.94136
2.90816
2.86394
2.8144
2.7657
2.72152
2.68186
2.64506
2.61071
2.58224
2.56933
2.58768
2.64764
2.7392
2.83688
2.91814
2.97253
3.00042
3.00914
3.00866
3.0067
3.00584
3.00412
2.99778
2.98349
2.95983
2.92775
2.89065
2.85358
2.82142
2.79638
2.77644
2.7565
2.73127
2.69889
2.66382
2.63733
2.63334
2.65886
2.70636
2.75796
2.79706
2.81557
2.81397
2.79849
2.77854
2.76303
2.7568
2.76024
2.77202
2.79072
2.81399
2.83694
2.85249
2.85395
2.83883
2.81306
2.79393
2.80148
2.83856
2.88913
2.93724
2.97614
3.00413
3.02026
3.02392
3.01671
3.00304
2.98802
2.97413
2.96049
2.94586
2.93091
2.9169
2.90226
2.88103
2.84561
2.79245
2.72736
2.66536
2.62139
2.59922
2.59114
2.58776
2.58437
2.57991
2.5739
2.56586
2.55637
2.54785
2.54342
2.54487
2.55128
2.55932
2.56465
2.56376
2.55616
2.54688
2.54616
2.5619
2.5908
2.62144
2.64507
2.65962
2.66622
2.66583
2.65998
2.65413
2.65922
2.68588
2.73456
2.79359
2.84733
2.88408
2.89794
2.88786
2.85692
2.81188
2.7624
2.71952
2.69337
2.69069
2.71228
2.75286
2.80369
2.85618
2.90328
2.93939
2.96022
2.96319
2.94822
2.91778
2.8769
2.83281
2.79327
2.76335
2.74187
2.7212
2.69096
2.64294
2.57586
2.49882
2.43019
2.39022
2.39293
2.43952
2.51692
2.60826
2.70219
2.78967
2.85973
2.90321
2.91842
2.91171
2.89251
2.86711
2.83646
2.79993
2.76167
2.73195
2.7201
2.72595
2.74014
2.75224
2.75882
2.76505
2.77931
2.80699
2.84879
2.90081
2.95483
3.00024
3.0278
3.03225
3.01261
2.97131
2.91333
2.84589
2.77787
2.7184
2.67496
2.65161
2.64919
2.66607
2.69722
2.73305
2.76167
2.77423
2.77002
2.75721
2.74787
2.75011
2.76398
2.78324
2.80067
2.81279
2.82117
2.83017
2.8432
2.86007
2.87595
2.88212
2.86987
2.83759
2.79689
2.77116
2.77922
2.81546
2.85676
2.88599
2.90002
2.90353
2.90161
2.89585
2.88409
2.86299
2.83255
2.80029
2.78031
2.7837
2.80785
2.83845
2.86131
2.86873
2.85813
2.82984
2.7871
2.73667
2.68837
2.6531
2.63903
2.64776
2.67275
2.70157
2.72232
2.73008
2.73009
2.73386
2.75065
2.78103
2.81785
2.85154
2.87423
2.88199
2.87653
2.86465
2.85435
2.85057
2.85401
2.86261
2.87207
2.87548
2.86487
2.83506
2.78619
2.72391
2.6594
2.6078
2.58043
2.57618
2.58497
2.59872
2.61603
2.63962
2.67231
2.7146
2.76424
2.81723
2.86907
2.91516
2.95062
2.97022
2.96956
2.94679
2.9042
2.84863
2.7902
2.7397
2.70597
2.69432
2.70561
2.73622
2.77966
2.8293
2.87987
2.92746
2.96872
3.00057
3.02068
3.02885
3.02843
3.02504
3.02158
3.01442
