-3.51475
-3.51475
-3.51475
-3.51369
-3.51037
-3.50524
-3.50176
-3.4986
-3.49633
-3.49573
-3.49543
-3.49421
-3.49481
-3.49586
-3.49691
-3.49736
-3.49827
-3.49948
-3.50054
-3.5007
-3.50251
-3.50191
-3.50177
-3.50222
-3.50237
-3.50252
-3.50237
-3.50146
-3.50176
-3.50207
-3.50101
-3.50056
-3.50056
-3.50026
-3.50041
-3.50056
-3.50056
-3.50101
-3.50086
-3.50116
-3.50207
-3.50116
-3.50131
-3.50222
-3.50282
-3.50282
-3.50252
-3.50192
-3.50131
-3.50086
-3.50071
-3.50026
-3.49981
-3.49996
-3.50056
-3.49966
-3.49996
-3.49935
-3.4995
-3.49935
-3.49965
-3.49995
-3.5001
-3.49965
-3.49905
-3.4986
-3.49769
-3.49678
-3.49739
-3.49769
-3.49739
-3.49663
-3.49557
-3.49466
-3.49482
-3.49558
-3.49588
-3.49527
-3.49558
-3.49663
-3.49648
-3.49437
-3.49542
-3.49497
-3.49467
-3.49512
-3.49527
-3.49512
-3.49648
-3.49618
-3.49633
-3.49587
-3.49542
-3.49557
-3.49603
-3.49527
-3.49527
-3.49452
-3.49512
-3.49497
-3.49482
-3.49452
-3.49406
-3.49452
-3.49467
-3.49482
-3.49482
-3.49436
-3.49451
-3.49527
-3.49557
-3.49557
-3.49648
-3.49679
-3.49588
-3.49588
-3.49618
-3.49724
-3.49694
-3.49678
-3.49739
-3.49633
-3.49723
-3.49754
-3.49799
-3.49859
-3.49889
-3.49889
-3.49814
-3.49708
-3.49768
-3.49799
-3.49723
-3.49708
-3.49753
-3.49889
-3.49784
-3.49784
-3.49784
-3.49874
-3.49935
-3.4998
-3.5001
-3.49965
-3.4992
-3.4986
-3.49829
-3.49799
-3.49874
-3.49814
-3.49829
-3.49708
-3.49769
-3.49874
-3.49875
-3.50026
-3.50041
-3.50041
-3.49965
-3.4995
-3.5004
-3.49979
-3.4998
-3.50056
-3.50056
-3.50011
-3.4998
-3.49965
-3.49935
-3.49904
-3.49889
-3.49829
-3.49754
-3.49814
-3.49814
-3.49874
-3.49874
-3.4998
-3.4992
-3.49951
-3.498
-3.49784
-3.49859
-3.49874
-3.49798
-3.49798
-3.49783
-3.49859
-3.49875
-3.50041
-3.50041
-3.50041
-3.50071
-3.50026
-3.49935
-3.4998
-3.50041
-3.50071
-3.50025
-3.50025
-3.49995
-3.4995
-3.49995
-3.50146
-3.50161
-3.50191
-3.50221
-3.50161
-3.50131
-3.50101
-3.50176
-3.50146
-3.50101
-3.50041
-3.4992
-3.49935
-3.49935
-3.4989
-3.4998
-3.49965
-3.5001
-3.4992
-3.49874
-3.5001
-3.49919
-3.49889
-3.49829
-3.49814
-3.49798
-3.49753
-3.49798
-3.49662
-3.49677
-3.49693
-3.49647
-3.49617
-3.49663
-3.49618
-3.49618
-3.49618
-3.49618
-3.49678
-3.49632
-3.49587
-3.49526
-3.49662
-3.49738
-3.49753
-3.49904
-3.49874
-3.5004
-3.4998
-3.49814
-3.49859
-3.49905
-3.49829
-3.49693
-3.49738
-3.49798
-3.49798
-3.49874
-3.49919
-3.49935
-3.49919
-3.49874
-3.49859
-3.49889
-3.49874
-3.49904
-3.49874
-3.49844
-3.49769
-3.49663
-3.49618
-3.49588
-3.49542
-3.49603
-3.49572
-3.49632
-3.49572
-3.49496
-3.49466
-3.49466
-3.49391
-3.49436
-3.49421
-3.49543
-3.49482
-3.49316
-3.49286
-3.49376
-3.49587
-3.49632
-3.49753
-3.49738
-3.49783
-3.49935
-3.49889
-3.49905
-3.4992
-3.4989
-3.49905
-3.4986
-3.4986
-3.4989
-3.4992
-3.4992
-3.49995
-3.50011
-3.50101
-3.50116
-3.50161
-3.50161
-3.50222
-3.50161
-3.50177
-3.50132
-3.50087
-3.50117
-3.50087
-3.50116
-3.50146
-3.50206
-3.50191
-3.50161
-3.50055
-3.4998
-3.49935
-3.49935
-3.50011
-3.50131
-3.50086
-3.50101
-3.50101
-3.49995
-3.49919
-3.49889
-3.49919
-3.49919
-3.50025
-3.49949
-3.49949
-3.49904
-3.49935
-3.49814
-3.49905
-3.49814
-3.49829
-3.49799
-3.49738
-3.49662
-3.49587
-3.49557
-3.49587
-3.49633
-3.49542
-3.49572
-3.49648
-3.49632
-3.49617
-3.49632
-3.49662
-3.49738
-3.49768
-3.49708
-3.49844
-3.49799
-3.49859
-3.49859
-3.49829
-3.49784
-3.49768
-3.49738
-3.49768
-3.49738
-3.49738
-3.49693
-3.49633
-3.49632
-3.49648
-3.49587
-3.49602
-3.49587
-3.49768
-3.49844
-3.49874
-3.49768
-3.49678
-3.49708
-3.49617
-3.49496
-3.49617
-3.49723
-3.49677
-3.49723
-3.49814
-3.49814
-3.49829
-3.49904
-3.49768
-3.49783
-3.49828
-3.49768
-3.49844
-3.49859
-3.49904
-3.49904
-3.5004
-3.5013
-3.5007
-3.50055
-3.5007
-3.5004
-3.49979
-3.49874
-3.49828
-3.49874
-3.49874
-3.49889
-3.49889
-3.49799
-3.49844
-3.49783
-3.49813
-3.49738
-3.49783
-3.49858
-3.49889
-3.49858
-3.49783
-3.49783
-3.49874
-3.49844
-3.49874
-3.49798
-3.49753
-3.49768
-3.49753
-3.49813
-3.49874
-3.49844
-3.49753
-3.49754
-3.49723
-3.49663
-3.49663
-3.49602
-3.49662
-3.49616
-3.49662
-3.49723
-3.49753
-3.49723
-3.49723
-3.49693
-3.49647
-3.49663
-3.49753
-3.49784
-3.49844
-3.49754
-3.49663
-3.49633
-3.49588
-3.49573
-3.49588
-3.49527
-3.49557
-3.49618
-3.49587
-3.49572
-3.49557
-3.49617
-3.49587
-3.49633
-3.49723
-3.49753
-3.49723
-3.49889
-3.49829
-3.49845
-3.49845
-3.49815
-3.49966
-3.49935
-3.5001
-3.49965
-3.49995
-3.49965
-3.4998
-3.50026
-3.50102
-3.50102
-3.50056
-3.50101
-3.50222
-3.50327
-3.50357
-3.50267
-3.50282
-3.50236
-3.50267
-3.50237
-3.50313
-3.50328
-3.50313
-3.50313
-3.50283
-3.50207
-3.50117
-3.50132
-3.50041
-3.4998
-3.49949
-3.49904
-3.49995
-3.50025
-3.49874
-3.49905
-3.49784
-3.49814
-3.4983
-3.49829
-3.49799
-3.49814
-3.49799
-3.49814
-3.49875
-3.49829
-3.49693
-3.49618
-3.49618
-3.49693
-3.49814
-3.49814
-3.49798
-3.49874
-3.49874
-3.49904
-3.49874
-3.49859
-3.49949
-3.49919
-3.49934
-3.49859
-3.49768
-3.49753
-3.49753
-3.49844
-3.49693
-3.49618
-3.49587
-3.49587
-3.49603
-3.49602
-3.49678
-3.49527
-3.49557
-3.49557
-3.49496
-3.49481
-3.49436
-3.49345
-3.49375
-3.49405
-3.49496
-3.49557
-3.4939
-3.49481
-3.49527
-3.49602
-3.49588
-3.49663
-3.49708
-3.49738
-3.49753
-3.49723
-3.49662
-3.49632
-3.49708
-3.49723
-3.49678
-3.49738
-3.49753
-3.49784
-3.49799
-3.49829
-3.49874
-3.49829
-3.49874
-3.49843
-3.49752
-3.49798
-3.49859
-3.49844
-3.49768
-3.49678
-3.49693
-3.49602
-3.49481
-3.49405
-3.4942
-3.49421
-3.49451
-3.49511
-3.49466
-3.49375
-3.49405
-3.49451
-3.4942
-3.4939
-3.49345
-3.49511
-3.49481
-3.49496
-3.49511
-3.49496
-3.4948
-3.4945
-3.4942
-3.49435
-3.49556
-3.49511
-3.49436
-3.49482
-3.49527
-3.49406
-3.49421
-3.49376
-3.49345
-3.49345
-3.49405
-3.49375
-3.4936
-3.49451
-3.49466
-3.49496
-3.49557
-3.49541
-3.49511
-3.49511
-3.49587
-3.49617
-3.49708
-3.49799
-3.49784
-3.49739
-3.49754
-3.49754
-3.49799
-3.49738
-3.49753
-3.49752
-3.49813
-3.49858
-3.49843
-3.49844
-3.49768
-3.49799
-3.49678
-3.49618
-3.49588
-3.49648
-3.49708
-3.49663
-3.49587
-3.49587
-3.49707
-3.49722
-3.49768
-3.49783
-3.49738
-3.49874
-3.4995
-3.4998
-3.50025
-3.5004
-3.50025
-3.4992
-3.4992
-3.5001
-3.49965
-3.4995
-3.49844
-3.49919
-3.49873
-3.49888
-3.49919
-3.49874
-3.4998
-3.5004
-3.5004
-3.50101
-3.50056
-3.50071
-3.50116
-3.50131
-3.50085
-3.50085
-3.5007
-3.50115
-3.49979
-3.49919
-3.49994
-3.49919
-3.49874
-3.49768
-3.49799
-3.49769
-3.49814
-3.49844
-3.49784
-3.49799
-3.49738
-3.49768
-3.49768
-3.49829
-3.49768
-3.49783
-3.49768
-3.49829
-3.49753
-3.49784
-3.49829
-3.49965
-3.5001
-3.5001
-3.49904
-3.50025
-3.4989
-3.4995
-3.4995
-3.49844
-3.49919
-3.49919
-3.49859
-3.4995
-3.4998
-3.50011
-3.49981
-3.49981
-3.49981
-3.4995
-3.49935
-3.49904
-3.49843
-3.49904
-3.50025
-3.50055
-3.49995
-3.49905
-3.50011
-3.49965
-3.49905
-3.4992
-3.49874
-3.49799
-3.49738
-3.49829
-3.49829
-3.49844
-3.49784
-3.49724
-3.49739
-3.49799
-3.49829
-3.49798
-3.49753
-3.49858
-3.49753
-3.49768
-3.49783
-3.49708
-3.49617
-3.49633
-3.49617
-3.49602
-3.49602
-3.49541
-3.49466
-3.49406
-3.493
-3.49376
-3.49452
-3.49542
-3.49678
-3.49724
-3.49663
-3.49739
-3.49784
-3.49693
-3.49678
-3.49618
-3.49693
-3.49678
-3.49814
-3.49814
-3.49829
-3.49829
-3.49769
-3.49965
-3.49935
-3.49919
-3.49874
-3.49859
-3.49859
-3.49739
-3.49739
-3.49708
-3.49693
-3.49678
-3.49829
-3.49949
-3.50025
-3.49995
-3.5001
-3.50101
-3.50101
-3.50071
-3.50086
-3.49995
-3.49965
-3.49874
-3.49814
-3.49874
-3.49919
-3.49919
-3.49995
-3.5001
-3.5004
-3.5001
-3.50025
-3.5001
-3.50025
-3.50116
-3.50086
-3.50101
-3.501
-3.50131
-3.5007
-3.50025
-3.5001
-3.49995
-3.5004
-3.50025
-3.4995
-3.49844
-3.49768
-3.49738
-3.49783
-3.49783
-3.49859
-3.49935
-3.49874
-3.49828
-3.49798
-3.49919
-3.49949
-3.5001
-3.49935
-3.49965
-3.49874
-3.49889
-3.49934
-3.49995
-3.4995
-3.5001
-3.50101
-3.50055
-3.50086
-3.50131
-3.50116
-3.50146
-3.50191
-3.50281
-3.50327
-3.50281
-3.50252
-3.50176
-3.50177
-3.50056
-3.4998
-3.4998
-3.49934
-3.49934
-3.49979
-3.5001
-3.5001
-3.49964
-3.50009
-3.5007
-3.50145
-3.50085
-3.4998
-3.49935
-3.49905
-3.4998
-3.50041
-3.49965
-3.50071
-3.50146
-3.49995
-3.5001
-3.50025
-3.5004
-3.49965
-3.4998
-3.49934
-3.5007
-3.50085
-3.5004
-3.4998
-3.5007
-3.49995
-3.50101
-3.50055
-3.50146
-3.5007
-3.50071
-3.50055
-3.50055
-3.50055
-3.5007
-3.50086
-3.4998
-3.50026
-3.49935
-3.4992
-3.49889
-3.49919
-3.4998
-3.5004
-3.49934
-3.49889
-3.4998
-3.50026
-3.50056
-3.50056
-3.50101
-3.50237
-3.50312
-3.50312
-3.50297
-3.50357
-3.50418
-3.50418
-3.50357
-3.50509
-3.50615
-3.50494
-3.50464
-3.50509
-3.50494
-3.50373
-3.50343
-3.50312
-3.50221
-3.50282
-3.50327
-3.50266
-3.50296
-3.50372
-3.50357
-3.50297
-3.50372
-3.50372
-3.50523
-3.50553
-3.50599
-3.50539
-3.50569
-3.50463
-3.50508
-3.50493
-3.50569
-3.50554
-3.50614
-3.50554
-3.50569
-3.50508
-3.50478
-3.50479
-3.50509
-3.50463
-3.50418
-3.50312
-3.50357
-3.50402
-3.50357
-3.50297
-3.50297
-3.50222
-3.50237
-3.50191
-3.50312
-3.50312
-3.50342
-3.50267
-3.50282
-3.50252
-2.27517
-2.27532
-2.27516
-2.27365
-2.27395
-2.27275
-2.27184
-2.2726
-2.27154
-2.27123
-2.27063
-2.27123
-2.2726
-2.27184
-2.2723
-2.2714
-2.27124
-2.27139
-2.27033
-2.26987
-2.26881
-2.26897
-2.26838
-2.26733
-2.26793
-2.26808
-2.26837
-2.26912
-2.26866
-2.26896
-2.27016
-2.27032
-2.27033
-2.27034
-2.26989
-2.2708
-2.27064
-2.27019
-2.27154
-2.27018
-2.26972
-2.26881
-2.26957
-2.27154
-2.27063
-2.27048
-2.26927
-2.26912
-2.26928
-2.26853
-2.26914
-2.26944
-2.27049
-2.26883
-2.26898
-2.26853
-2.26868
-2.26837
-2.26777
-2.26762
-2.26853
-2.26732
-2.26731
-2.26731
-2.26822
-2.26868
-2.26913
-2.26898
-2.26913
-2.26807
-2.26762
-2.26808
-2.26899
-2.26823
-2.26777
-2.26777
-2.26822
-2.26867
-2.26913
-2.26973
-2.26913
-2.27019
-2.26974
-2.27004
-2.26959
-2.26929
-2.27004
-2.27109
-2.27138
-2.27153
-2.27107
-2.27273
-2.27259
-2.27184
-2.27109
-2.26988
-2.27004
-2.27049
-2.26974
-2.26898
-2.26989
-2.27003
-2.27063
-2.27047
-2.27032
-2.26896
-2.26911
-2.26927
-2.26957
-2.26912
-2.26912
-2.26913
-2.26958
-2.26927
-2.27048
-2.27063
-2.27063
-2.27093
-2.27154
-2.27078
-2.27048
-2.27078
-2.27078
-2.27093
-2.27078
-2.27093
-2.27033
-2.27048
-2.26972
-2.26852
-2.26867
-2.26745
-2.2667
-2.26639
-2.26534
-2.26535
-2.26626
-2.2652
-2.26535
-2.26505
-2.26535
-2.26535
-2.26488
-2.26578
-2.26714
-2.2673
-2.26821
-2.26913
-2.26808
-2.26989
-2.27065
-2.27035
-2.27019
-2.26988
-2.27078
-2.27016
-2.27016
-2.27092
-2.27214
-2.27154
-2.27185
-2.27065
-2.2705
-2.27005
-2.26914
-2.26928
-2.27033
-2.27018
-2.272
-2.27321
-2.27411
-2.27426
-2.27365
-2.27275
-2.27154
-2.27079
-2.27004
-2.27019
-2.27034
-2.27079
-2.27063
-2.27063
-2.27109
-2.27139
-2.2723
-2.27185
-2.27185
-2.27215
-2.27215
-2.2723
-2.27351
-2.27169
-2.27169
-2.27108
-2.27063
-2.27093
-2.27109
-2.27018
-2.26928
-2.26988
-2.26897
-2.26943
-2.26913
-2.26778
-2.26657
-2.26762
-2.2664
-2.2664
-2.2664
-2.26685
-2.26715
-2.26655
-2.2658
-2.26506
-2.26551
-2.26627
-2.26611
-2.26656
-2.26715
-2.26624
-2.26579
-2.2661
-2.26595
-2.2661
-2.26489
-2.2658
-2.26519
-2.26519
-2.26489
-2.26459
-2.26504
-2.26641
-2.26596
-2.26565
-2.2649
-2.26535
-2.26625
-2.267
-2.26731
-2.2664
-2.26746
-2.26716
-2.26777
-2.26822
-2.26897
-2.26881
-2.26926
-2.26957
-2.27064
-2.26944
-2.26989
-2.26973
-2.26792
-2.26776
-2.26851
-2.26927
-2.26912
-2.26912
-2.26958
-2.27019
-2.27049
-2.26958
-2.27003
-2.26957
-2.26852
-2.26806
-2.26791
-2.26822
-2.26806
-2.26837
-2.26867
-2.26837
-2.26913
-2.26837
-2.26868
-2.26762
-2.26717
-2.26822
-2.27019
-2.26897
-2.26836
-2.26866
-2.26746
-2.26897
-2.26928
-2.26988
-2.26943
-2.26806
-2.26745
-2.2673
-2.26821
-2.26852
-2.26973
-2.26973
-2.27003
-2.27079
-2.27079
-2.27093
-2.27033
-2.27033
-2.27033
-2.27018
-2.27124
-2.27185
-2.27245
-2.2723
-2.27124
-2.27109
-2.27124
-2.27124
-2.27048
-2.27003
-2.26958
-2.26988
-2.26988
-2.26853
-2.26837
-2.26867
-2.26897
-2.26927
-2.26851
-2.26791
-2.26851
-2.26957
-2.26927
-2.27018
-2.27064
-2.26989
-2.26943
-2.26883
-2.26837
-2.26882
-2.26942
-2.26897
-2.26821
-2.26897
-2.26897
-2.27003
-2.27064
-2.27109
-2.27018
-2.27139
-2.27123
-2.27108
-2.27154
-2.27229
-2.2729
-2.27396
-2.27442
-2.27532
-2.27457
-2.27275
-2.2729
-2.27335
-2.27214
-2.27213
-2.27229
-2.27183
-2.27229
-2.27244
-2.27214
-2.2723
-2.27094
-2.27139
-2.27185
-2.27155
-2.27079
-2.27018
-2.27033
-2.26941
-2.26911
-2.2685
-2.26775
-2.26745
-2.2664
-2.2664
-2.26686
-2.26671
-2.26655
-2.26656
-2.26731
-2.26731
-2.26746
-2.26701
-2.26746
-2.26836
-2.26835
-2.26805
-2.26775
-2.26822
-2.26853
-2.26838
-2.26717
-2.26747
-2.26807
-2.26852
-2.26822
-2.26791
-2.26896
-2.26806
-2.26746
-2.26792
-2.26822
-2.26822
-2.26882
-2.26987
-2.27032
-2.27047
-2.27108
-2.26943
-2.27079
-2.27004
-2.27049
-2.27064
-2.27019
-2.27034
-2.27064
-2.27094
-2.27064
-2.26943
-2.26883
-2.26898
-2.26898
-2.26973
-2.26988
-2.27003
-2.27034
-2.26989
-2.27049
-2.27019
-2.27064
-2.27003
-2.26958
-2.26927
-2.27018
-2.27079
-2.26974
-2.27065
-2.2717
-2.27171
-2.27201
-2.2708
-2.27019
-2.26943
-2.26942
-2.26882
-2.26942
-2.26851
-2.26836
-2.26851
-2.26761
-2.26746
-2.26701
-2.26656
-2.26611
-2.26626
-2.26641
-2.26672
-2.26732
-2.26883
-2.26973
-2.27064
-2.27215
-2.27184
-2.27124
-2.27034
-2.27004
-2.26958
-2.26973
-2.26943
-2.26686
-2.26746
-2.26761
-2.26821
-2.26881
-2.26897
-2.26973
-2.26989
-2.2699
-2.2696
-2.26944
-2.26974
-2.26928
-2.27048
-2.26836
-2.26776
-2.26745
-2.26791
-2.26942
-2.26928
-2.26883
-2.26883
-2.26838
-2.26837
-2.26882
-2.26957
-2.26852
-2.26837
-2.26807
-2.26853
-2.26898
-2.26792
-2.26807
-2.26912
-2.26776
-2.26821
-2.26746
-2.267
-2.26746
-2.26807
-2.26852
-2.26837
-2.26822
-2.26882
-2.26761
-2.26807
-2.26747
-2.26762
-2.26853
-2.26958
-2.26943
-2.26927
-2.27003
-2.26927
-2.26943
-2.26944
-2.26944
-2.26884
-2.26779
-2.26717
-2.26686
-2.26564
-2.26624
-2.26715
-2.26761
-2.26747
-2.26808
-2.26793
-2.26748
-2.26762
-2.26762
-2.26671
-2.26595
-2.26626
-2.26762
-2.26792
-2.26792
-2.26897
-2.27033
-2.27003
-2.26852
-2.26912
-2.27033
-2.27018
-2.27033
-2.27018
-2.27018
-2.27124
-2.27094
-2.27019
-2.27049
-2.27109
-2.27154
-2.272
-2.27169
-2.27214
-2.27154
-2.2726
-2.2723
-2.27064
-2.27095
-2.27125
-2.2729
-2.27275
-2.27274
-2.2738
-2.2744
-2.2744
-2.2741
-2.27411
-2.27472
-2.27426
-2.27501
-2.27244
-2.27275
-2.27306
-2.27336
-2.27366
-2.27351
-2.2732
-2.27259
-2.27259
-2.27259
-2.2729
-2.27185
-2.2711
-2.27064
-2.27079
-2.27018
-2.26988
-2.26927
-2.26867
-2.26972
-2.26987
-2.27048
-2.27093
-2.27033
-2.27064
-2.27079
-2.27064
-2.27199
-2.27138
-2.27078
-2.27048
-2.26943
-2.26913
-2.26898
-2.26761
-2.26897
-2.26928
-2.26867
-2.26852
-2.26912
-2.26882
-2.27094
-2.27033
-2.26972
-2.26971
-2.26926
-2.26882
-2.26837
-2.26731
-2.26731
-2.26806
-2.26867
-2.26761
-2.26746
-2.2667
-2.267
-2.26701
-2.26641
-2.26731
-2.26565
-2.2661
-2.26609
-2.26563
-2.26684
-2.26715
-2.26851
-2.26791
-2.26731
-2.26596
-2.26505
-2.26535
-2.26716
-2.2667
-2.26791
-2.26837
-2.26943
-2.26943
-2.27018
-2.27062
-2.27047
-2.27108
-2.27199
-2.2714
-2.27246
-2.27292
-2.27216
-2.27109
-2.27138
-2.27154
-2.27079
-2.27094
-2.27093
-2.27001
-2.26956
-2.26972
-2.27003
-2.26988
-2.27003
-2.26928
-2.26822
-2.26852
-2.26838
-2.26898
-2.26943
-2.26822
-2.26731
-2.26776
-2.26821
-2.26882
-2.26867
-2.26867
-2.26852
-2.27018
-2.27034
-2.27034
-2.26974
-2.26974
-2.27034
-2.27094
-2.27018
-2.26958
-2.26882
-2.26731
-2.26776
-2.26716
-2.26715
-2.26655
-2.26595
-2.26641
-2.26747
-2.26777
-2.26989
-2.27019
-2.26988
-2.27003
-2.27048
-2.27033
-2.27094
-2.27019
-2.27049
-2.27155
-2.27109
-2.27093
-2.27108
-2.27153
-2.27214
-2.27229
-2.27305
-2.2732
-2.27275
-2.27276
-2.27382
-2.27367
-2.27352
-2.272
-2.27079
-2.26927
-2.26866
-2.26836
-2.26791
-2.26731
-2.26777
-2.26822
-2.26883
-2.26823
-2.26838
-2.26853
-2.26822
-2.26867
-2.26928
-2.26807
-2.26838
-2.26793
-2.26869
-2.26989
-2.26913
-2.26928
-2.26883
-2.26838
-2.26883
-2.26898
-2.26883
-2.26868
-2.26899
-2.26914
-2.26913
-2.26913
-2.26883
-2.26822
-2.26807
-2.26868
-2.26672
-2.26627
-2.26491
-2.26491
-2.26611
-2.26581
-2.26596
-2.26626
-2.26702
-2.26671
-2.26626
-2.26475
-2.26536
-2.26626
-2.26731
-2.26686
-2.26746
-2.26776
-2.26897
-2.26912
-2.26882
-2.26913
-2.26929
-2.27004
-2.26944
-2.26868
-2.26868
-2.26822
-2.26822
-2.26761
-2.26701
-2.26731
-2.26747
-2.26762
-2.26838
-2.26868
-2.26913
-2.26943
-2.26973
-2.27064
-2.27003
-2.26866
-2.26882
-2.26806
-2.26897
-2.26943
-2.26822
-2.26943
-2.26989
-2.2708
-2.26974
-2.27004
-2.26807
-2.26868
-2.26928
-2.26897
-2.26942
-2.26821
-2.26776
-2.26746
-2.26883
-2.26929
-2.26929
-2.26929
-2.26869
-2.26929
-2.26988
-2.27093
-2.27017
-2.27062
-2.26912
-2.26867
-2.26943
-2.26868
-2.26883
-2.26899
-2.26823
-2.26808
-2.26792
-2.26823
-2.26868
-2.26838
-2.26974
-2.26943
-2.26973
-2.27018
-2.27109
-2.27019
-2.26989
-2.27049
-2.27064
-2.27109
-2.27095
-2.27095
-2.27034
-2.26989
-2.27064
-2.27018
-2.27139
-2.2714
-2.2711
-2.27095
-2.27096
-2.27035
-2.26913
-2.26943
-2.26912
-2.26913
-2.26974
-2.26989
-2.26973
-2.27079
-2.27034
-2.27018
-2.27033
-2.27049
-2.26988
-2.27018
-2.27139
-2.27049
-2.27019
-2.27094
-2.27049
-2.27155
-2.27079
-2.27094
-2.27018
-2.27033
-2.27093
-2.26987
-2.27003
-2.27064
-2.27095
-2.2714
-2.27155
-2.27185
-2.27079
-2.27245
-2.2738
-2.27305
-2.27244
-2.27138
-2.27093
-2.27169
-2.27139
-2.27124
-2.27079
-2.27094
-2.27094
-2.27018
-2.26942
-2.26927
-2.26957
-2.27033
-2.26988
-2.27124
-2.27094
-2.26928
-2.26973
-2.27064
-2.27019
-2.26913
-2.26928
-2.26943
-2.26943
-2.27124
-2.27169
-2.27214
-2.2723
-2.2726
-2.2729
-2.2726
-2.27291
-2.27306
-2.27261
-2.27291
-2.27261
-2.27186
-2.27231
-2.27185
-2.27003
-2.26912
-2.26958
-2.27004
-2.26944
-2.27126
-2.27111
-2.27081
-2.2702
-2.26945
-2.26944
-2.26897
-2.27017
-2.26971
-2.27017
-2.27019
-2.26959
-2.26945
-2.26869
-2.26899
-2.26929
-2.26808
-2.26823
-2.26868
-2.26928
-2.26912
-2.26972
-2.26867
-2.26928
-2.26853
-2.26914
-2.26883
-2.26731
-2.26791
-2.26761
-2.26837
-2.26838
-2.26823
-2.26929
-2.27111
-2.2714
-2.27169
-2.27229
-2.27305
-2.27245
-2.27246
-1.83718
-1.83657
-1.83627
-1.83597
-1.83537
-1.83507
-1.83567
-1.83431
-1.83477
-1.83311
-1.83326
-1.83326
-1.83326
-1.83205
-1.83039
-1.83114
-1.83189
-1.83159
-1.83099
-1.83069
-1.83023
-1.83099
-1.8322
-1.83251
-1.83206
-1.83161
-1.83221
-1.8319
-1.83296
-1.8334
-1.83219
-1.83174
-1.83113
-1.83068
-1.83053
-1.83084
-1.82933
-1.83039
-1.82979
-1.82994
-1.83085
-1.8313
-1.83115
-1.83085
-1.83205
-1.8319
-1.83189
-1.83129
-1.83143
-1.83098
-1.83083
-1.83053
-1.83023
-1.83235
-1.83296
-1.83326
-1.83342
-1.83372
-1.83372
-1.83161
-1.83311
-1.83447
-1.83476
-1.83476
-1.834
-1.83446
-1.83371
-1.83326
-1.83462
-1.83507
-1.83507
-1.83492
-1.83462
-1.83447
-1.83431
-1.83371
-1.83371
-1.83326
-1.83296
-1.8316
-1.8313
-1.83161
-1.83252
-1.83191
-1.83281
-1.83295
-1.83295
-1.83205
-1.83311
-1.83372
-1.83266
-1.83221
-1.83311
-1.8325
-1.8328
-1.83235
-1.8322
-1.83206
-1.83236
-1.83192
-1.83041
-1.83041
-1.83115
-1.83054
-1.83129
-1.82978
-1.83024
-1.83086
-1.8298
-1.82935
-1.82979
-1.82949
-1.82888
-1.82888
-1.82873
-1.82979
-1.8295
-1.83131
-1.83085
-1.83009
-1.83115
-1.83039
-1.83054
-1.83221
-1.83206
-1.83191
-1.83191
-1.8316
-1.8316
-1.83295
-1.83371
-1.83372
-1.83372
-1.83388
-1.83327
-1.83236
-1.8313
-1.83039
-1.83085
-1.8307
-1.831
-1.83191
-1.83115
-1.82964
-1.83055
-1.83009
-1.83009
-1.83144
-1.83143
-1.83113
-1.83053
-1.83084
-1.83039
-1.8313
-1.831
-1.83175
-1.8316
-1.82994
-1.8304
-1.82995
-1.82874
-1.83056
-1.82995
-1.82859
-1.82797
-1.82826
-1.82917
-1.82857
-1.82812
-1.82888
-1.82859
-1.82829
-1.83055
-1.83101
-1.83161
-1.83191
-1.83145
-1.8316
-1.83189
-1.83098
-1.83205
-1.83237
-1.83267
-1.83298
-1.83343
-1.83523
-1.83553
-1.83416
-1.83416
-1.83386
-1.83341
-1.83341
-1.83372
-1.83312
-1.8316
-1.83296
-1.83281
-1.83357
-1.83403
-1.83448
-1.83447
-1.83537
-1.83416
-1.83355
-1.83295
-1.8331
-1.8325
-1.8325
-1.83251
-1.83281
-1.83281
-1.8331
-1.8328
-1.83385
-1.8325
-1.83372
-1.83357
-1.83221
-1.83205
-1.83265
-1.83204
-1.83324
-1.83355
-1.8334
-1.8331
-1.83401
-1.83491
-1.83582
-1.83598
-1.83644
-1.83689
-1.83628
-1.83703
-1.83658
-1.83673
-1.83704
-1.83704
-1.83613
-1.83507
-1.83507
-1.83447
-1.83462
-1.83538
-1.83567
-1.83431
-1.83386
-1.83311
-1.83372
-1.83312
-1.83222
-1.83056
-1.83086
-1.8304
-1.83145
-1.83205
-1.83114
-1.83144
-1.8319
-1.83174
-1.83068
-1.83099
-1.83024
-1.8307
-1.83055
-1.8307
-1.83085
-1.8313
-1.83145
-1.83084
-1.83175
-1.83129
-1.83159
-1.83084
-1.83084
-1.83235
-1.8316
-1.83039
-1.83084
-1.83144
-1.83129
-1.83054
-1.83023
-1.82903
-1.82843
-1.82662
-1.82752
-1.82843
-1.8304
-1.83009
-1.82903
-1.82933
-1.82933
-1.82994
-1.83054
-1.82932
-1.82916
-1.82931
-1.83083
-1.83054
-1.83055
-1.831
-1.83266
-1.8307
-1.831
-1.83069
-1.82872
-1.82962
-1.83023
-1.83038
-1.83098
-1.83008
-1.82992
-1.82947
-1.83038
-1.83053
-1.83023
-1.82978
-1.82948
-1.82857
-1.82691
-1.82722
-1.82646
-1.82601
-1.82721
-1.82782
-1.82842
-1.82978
-1.83038
-1.83069
-1.8319
-1.83174
-1.83235
-1.83234
-1.83264
-1.83295
-1.83326
-1.83296
-1.83311
-1.83341
-1.83461
-1.83415
-1.83399
-1.83429
-1.83476
-1.83416
-1.83357
-1.83417
-1.83432
-1.83508
-1.83417
-1.83432
-1.83432
-1.83401
-1.83461
-1.83506
-1.83536
-1.8349
-1.83415
-1.83415
-1.8331
-1.83326
-1.83387
-1.83327
-1.83221
-1.83129
-1.83098
-1.83143
-1.83052
-1.83083
-1.83249
-1.83386
-1.83461
-1.83461
-1.83491
-1.83461
-1.83462
-1.83311
-1.8322
-1.831
-1.83114
-1.83235
-1.83219
-1.83264
-1.83294
-1.83264
-1.8328
-1.83326
-1.83175
-1.8307
-1.83085
-1.8313
-1.8322
-1.83175
-1.83099
-1.83113
-1.83128
-1.83204
-1.83129
-1.83009
-1.83145
-1.8313
-1.83145
-1.83084
-1.83114
-1.8331
-1.83492
-1.83568
-1.83477
-1.83477
-1.83432
-1.83265
-1.8328
-1.83311
-1.83236
-1.8322
-1.83175
-1.8328
-1.83325
-1.83279
-1.83219
-1.83279
-1.83325
-1.83341
-1.83357
-1.83447
-1.83417
-1.83296
-1.83386
-1.83477
-1.83462
-1.83371
-1.83265
-1.8328
-1.83401
-1.83311
-1.8328
-1.83326
-1.83311
-1.8325
-1.83296
-1.83356
-1.83507
-1.83537
-1.83432
-1.83356
-1.83296
-1.83311
-1.83326
-1.8331
-1.8331
-1.83311
-1.8313
-1.83175
-1.83251
-1.83265
-1.83325
-1.83294
-1.83264
-1.8319
-1.83251
-1.83342
-1.83402
-1.83416
-1.83265
-1.83311
-1.83326
-1.83266
-1.83206
-1.83236
-1.83236
-1.83341
-1.83401
-1.83386
-1.83371
-1.83371
-1.83432
-1.83447
-1.83372
-1.83432
-1.83297
-1.83236
-1.83402
-1.83296
-1.8322
-1.8325
-1.83281
-1.83251
-1.83266
-1.8319
-1.83145
-1.83205
-1.83054
-1.83145
-1.83267
-1.83298
-1.83449
-1.83539
-1.83463
-1.8328
-1.8337
-1.8328
-1.83235
-1.8313
-1.83099
-1.83069
-1.831
-1.831
-1.83055
-1.83161
-1.83115
-1.83221
-1.8313
-1.83115
-1.831
-1.83115
-1.83205
-1.83219
-1.83219
-1.83189
-1.83099
-1.82993
-1.82948
-1.82873
-1.83024
-1.82994
-1.83055
-1.82949
-1.83055
-1.82979
-1.82933
-1.83069
-1.83235
-1.8322
-1.83221
-1.83251
-1.83206
-1.83222
-1.83282
-1.83267
-1.83175
-1.83159
-1.83144
-1.83174
-1.83205
-1.83175
-1.8316
-1.83206
-1.83221
-1.83221
-1.83146
-1.83101
-1.83116
-1.83085
-1.83146
-1.83282
-1.83267
-1.83297
-1.83357
-1.83371
-1.83355
-1.83385
-1.83401
-1.83446
-1.83341
-1.83235
-1.8325
-1.83296
-1.83311
-1.83341
-1.83357
-1.83281
-1.83251
-1.83145
-1.83236
-1.8313
-1.83115
-1.8316
-1.831
-1.82949
-1.82903
-1.8307
-1.8313
-1.83175
-1.83205
-1.83267
-1.83192
-1.83207
-1.83267
-1.83236
-1.83206
-1.83296
-1.83326
-1.83402
-1.83341
-1.83326
-1.83553
-1.83553
-1.83568
-1.83629
-1.83644
-1.83584
-1.83508
-1.83266
-1.83236
-1.83357
-1.83387
-1.83326
-1.83326
-1.83327
-1.83206
-1.83236
-1.83176
-1.83176
-1.8307
-1.8307
-1.82949
-1.82889
-1.82828
-1.82842
-1.82736
-1.82661
-1.82782
-1.82873
-1.82828
-1.82813
-1.82798
-1.82768
-1.82874
-1.82784
-1.82783
-1.82751
-1.82796
-1.82797
-1.82829
-1.82904
-1.82965
-1.83085
-1.8307
-1.83115
-1.83114
-1.83129
-1.83175
-1.8319
-1.83205
-1.83296
-1.83417
-1.83477
-1.83416
-1.83462
-1.83477
-1.83492
-1.83522
-1.83492
-1.83507
-1.83326
-1.83311
-1.8319
-1.83281
-1.83311
-1.83372
-1.83538
-1.83477
-1.83446
-1.83446
-1.83401
-1.83341
-1.83341
-1.83326
-1.83236
-1.83281
-1.83432
-1.83477
-1.83552
-1.83522
-1.83431
-1.83492
-1.83356
-1.83265
-1.83356
-1.83281
-1.83326
-1.8325
-1.83159
-1.83174
-1.8331
-1.83401
-1.83387
-1.83523
-1.83432
-1.83326
-1.83251
-1.83175
-1.8307
-1.8319
-1.83205
-1.83311
-1.83416
-1.83492
-1.83417
-1.83387
-1.83402
-1.83372
-1.83448
-1.83342
-1.83296
-1.83311
-1.83372
-1.83417
-1.83567
-1.83567
-1.83522
-1.83523
-1.83463
-1.83419
-1.83434
-1.83328
-1.83388
-1.83432
-1.83386
-1.834
-1.83446
-1.83431
-1.83417
-1.83418
-1.83509
-1.83479
-1.83418
-1.83222
-1.83327
-1.83402
-1.83446
-1.83492
-1.83478
-1.83508
-1.83477
-1.83492
-1.83462
-1.83492
-1.83356
-1.8328
-1.83235
-1.83371
-1.83492
-1.83583
-1.83659
-1.83613
-1.83507
-1.83477
-1.83477
-1.83447
-1.83462
-1.83507
-1.83417
-1.83311
-1.83281
-1.83251
-1.83266
-1.83191
-1.83236
-1.83221
-1.8325
-1.83204
-1.83114
-1.83189
-1.83265
-1.8328
-1.83264
-1.83189
-1.8319
-1.83357
-1.83342
-1.83296
-1.83281
-1.83221
-1.831
-1.83009
-1.82979
-1.82994
-1.82948
-1.82978
-1.82902
-1.82886
-1.82931
-1.82902
-1.82993
-1.83009
-1.82964
-1.82919
-1.82949
-1.82964
-1.82948
-1.83008
-1.83098
-1.83143
-1.83234
-1.83219
-1.83234
-1.8316
-1.83145
-1.83115
-1.83055
-1.83161
-1.8313
-1.83085
-1.83025
-1.82994
-1.83023
-1.83068
-1.83098
-1.83189
-1.83265
-1.8319
-1.83206
-1.83175
-1.8313
-1.83175
-1.8316
-1.83145
-1.8313
-1.83008
-1.83068
-1.82977
-1.82887
-1.82873
-1.82919
-1.82979
-1.83055
-1.82949
-1.83115
-1.83145
-1.83024
-1.83054
-1.83039
-1.83145
-1.83191
-1.83342
-1.83432
-1.83462
-1.83296
-1.83341
-1.83355
-1.8328
-1.8328
-1.83265
-1.83341
-1.83402
-1.83282
-1.83252
-1.83206
-1.83251
-1.83205
-1.8322
-1.83204
-1.83279
-1.8322
-1.8313
-1.8301
-1.8304
-1.8307
-1.83084
-1.83084
-1.82963
-1.82948
-1.82994
-1.82918
-1.82963
-1.82842
-1.82857
-1.82933
-1.82933
-1.82949
-1.83069
-1.82979
-1.82873
-1.82857
-1.82887
-1.82932
-1.82933
-1.82979
-1.82994
-1.83025
-1.8304
-1.83145
-1.83281
-1.83296
-1.83326
-1.83296
-1.8328
-1.83205
-1.83069
-1.83024
-1.83039
-1.83009
-1.83039
-1.83175
-1.83251
-1.83251
-1.83312
-1.83357
-1.83221
-1.83327
-1.83341
-1.83296
-1.83296
-1.83326
-1.83235
-1.83206
-1.83296
-1.83342
-1.83387
-1.83432
-1.83568
-1.83613
-1.83643
-1.83643
-1.83477
-1.83568
-1.83689
-1.83598
-1.83659
-1.83644
-1.83583
-1.83705
-1.83796
-1.83781
-1.8372
-1.83584
-1.83523
-1.83508
-1.83568
-1.83538
-1.83477
-1.83432
-1.83356
-1.83417
-1.83416
-1.83356
-1.83341
-1.83447
-1.83448
-1.83358
-1.83207
-1.83192
-1.83131
-1.83161
-1.83161
-1.8316
-1.8319
-1.8322
-1.83251
-1.83101
-1.83086
-1.82995
-1.82965
-1.83055
-1.83055
-1.82979
-1.83025
-1.82979
-1.82994
-1.82994
-1.83025
-1.8307
-1.83146
-1.83161
-1.83161
-1.83252
-1.83282
-1.83282
-1.83282
-1.83282
-1.83252
-1.83222
-1.83237
-1.83342
-1.83372
-1.83251
-1.83297
-1.83297
-1.83447
-1.83477
-1.83508
-1.83553
-1.83554
-1.83433
-1.83402
-1.83447
-1.83402
-1.83311
-1.83236
-1.83192
-1.83192
-1.83191
-1.83191
-1.83252
-1.83207
-1.83147
-1.83207
-1.83177
-1.83161
-1.71806
-1.71836
-1.71957
-1.71852
-1.71913
-1.71943
-1.71897
-1.71805
-1.7179
-1.7182
-1.71896
-1.71897
-1.72063
-1.71988
-1.71988
-1.71943
-1.71973
-1.71972
-1.71881
-1.72017
-1.72139
-1.72048
-1.72033
-1.72138
-1.72168
-1.72062
-1.72078
-1.71927
-1.71897
-1.72003
-1.72002
-1.72092
-1.72152
-1.72153
-1.72093
-1.72033
-1.7217
-1.722
-1.72396
-1.72441
-1.7232
-1.72455
-1.72455
-1.72485
-1.72515
-1.7238
-1.72501
-1.72517
-1.72426
-1.7232
-1.7226
-1.72305
-1.72365
-1.72516
-1.72486
-1.72516
-1.72425
-1.72396
-1.72442
-1.72487
-1.72457
-1.72396
-1.72335
-1.7223
-1.72124
-1.72063
-1.72017
-1.72033
-1.72109
-1.72214
-1.72139
-1.72093
-1.72079
-1.71973
-1.72033
-1.72093
-1.72048
-1.72093
-1.72033
-1.72018
-1.71943
-1.71913
-1.72049
-1.7214
-1.72215
-1.72275
-1.7223
-1.7226
-1.72245
-1.72079
-1.72155
-1.72095
-1.7217
-1.72261
-1.72305
-1.72289
-1.72213
-1.72139
-1.72065
-1.7196
-1.71914
-1.71914
-1.72004
-1.72019
-1.72065
-1.72109
-1.72063
-1.72062
-1.72184
-1.7211
-1.7205
-1.72065
-1.7208
-1.72185
-1.72215
-1.7232
-1.72245
-1.7226
-1.72321
-1.72185
-1.72321
-1.72336
-1.72351
-1.72306
-1.72261
-1.72215
-1.72215
-1.72275
-1.72259
-1.72305
-1.7226
-1.72276
-1.72351
-1.72321
-1.72306
-1.7229
-1.7223
-1.72049
-1.72064
-1.7214
-1.72003
-1.71957
-1.71912
-1.71776
-1.71882
-1.71852
-1.71808
-1.71884
-1.71944
-1.72094
-1.72138
-1.72138
-1.72077
-1.72078
-1.71988
-1.72034
-1.72065
-1.7211
-1.7214
-1.72215
-1.7232
-1.72289
-1.7238
-1.72501
-1.72593
-1.72624
-1.72715
-1.727
-1.72639
-1.72592
-1.72517
-1.72577
-1.72487
-1.72623
-1.72638
-1.72653
-1.72578
-1.72458
-1.72413
-1.72368
-1.72338
-1.72262
-1.72336
-1.7226
-1.7235
-1.72245
-1.7214
-1.722
-1.72245
-1.72381
-1.72441
-1.72411
-1.72547
-1.72487
-1.72366
-1.72276
-1.72291
-1.72307
-1.72307
-1.72322
-1.72351
-1.72335
-1.72274
-1.7241
-1.72351
-1.72412
-1.72337
-1.72351
-1.72245
-1.72305
-1.7229
-1.72169
-1.7229
-1.72291
-1.72261
-1.72216
-1.72247
-1.72125
-1.72155
-1.72154
-1.72108
-1.72079
-1.72064
-1.72063
-1.72063
-1.72108
-1.72109
-1.72079
-1.72079
-1.7214
-1.72065
-1.72035
-1.72004
-1.7202
-1.72065
-1.71989
-1.72064
-1.72259
-1.72244
-1.72243
-1.72184
-1.72154
-1.72079
-1.7211
-1.72185
-1.7214
-1.72124
-1.72139
-1.72199
-1.7226
-1.7223
-1.72201
-1.72201
-1.72187
-1.72277
-1.72276
-1.72275
-1.72243
-1.72213
-1.72198
-1.72139
-1.72155
-1.72171
-1.72231
-1.72337
-1.72381
-1.72517
-1.72547
-1.72516
-1.72426
-1.72426
-1.72381
-1.7229
-1.72215
-1.7226
-1.72169
-1.72109
-1.71988
-1.72003
-1.72079
-1.72094
-1.72018
-1.72004
-1.72034
-1.71928
-1.71988
-1.71973
-1.71791
-1.71807
-1.71867
-1.71988
-1.72079
-1.71958
-1.71928
-1.71928
-1.71974
-1.72065
-1.71989
-1.72125
-1.72095
-1.72125
-1.7199
-1.71869
-1.71838
-1.71943
-1.71927
-1.71821
-1.71867
-1.71822
-1.71731
-1.71837
-1.71868
-1.71762
-1.71853
-1.7199
-1.71854
-1.71915
-1.72005
-1.71899
-1.71944
-1.71928
-1.71942
-1.71957
-1.72185
-1.7211
-1.72201
-1.7208
-1.7211
-1.72049
-1.72064
-1.72124
-1.72064
-1.72049
-1.72049
-1.71989
-1.71959
-1.71913
-1.71838
-1.71823
-1.71777
-1.71777
-1.71716
-1.7164
-1.71671
-1.71747
-1.71823
-1.71823
-1.71702
-1.71822
-1.71716
-1.71822
-1.71837
-1.71867
-1.71852
-1.72034
-1.72139
-1.7217
-1.72125
-1.72019
-1.71959
-1.7205
-1.72081
-1.72021
-1.7196
-1.71883
-1.71821
-1.71881
-1.71775
-1.71851
-1.71822
-1.71763
-1.71779
-1.7184
-1.71946
-1.7199
-1.71943
-1.71882
-1.71867
-1.71837
-1.71913
-1.71944
-1.7202
-1.72005
-1.7202
-1.71959
-1.71913
-1.71913
-1.71989
-1.71913
-1.71732
-1.71702
-1.71807
-1.71732
-1.71777
-1.71732
-1.71688
-1.71764
-1.71688
-1.71703
-1.71642
-1.71656
-1.71731
-1.71671
-1.71702
-1.71672
-1.71626
-1.71747
-1.71867
-1.71943
-1.72033
-1.72109
-1.7211
-1.72141
-1.7202
-1.71975
-1.72066
-1.72005
-1.71944
-1.71868
-1.71973
-1.71943
-1.71928
-1.71868
-1.71807
-1.71837
-1.71898
-1.71868
-1.71914
-1.71929
-1.71974
-1.71883
-1.71807
-1.71838
-1.71853
-1.71853
-1.71837
-1.71852
-1.71852
-1.71883
-1.71823
-1.71883
-1.71898
-1.71808
-1.71914
-1.71929
-1.71944
-1.72034
-1.71989
-1.72019
-1.71974
-1.71959
-1.72065
-1.72156
-1.7214
-1.72125
-1.72094
-1.72094
-1.72109
-1.72245
-1.72291
-1.72215
-1.72155
-1.72186
-1.72201
-1.72156
-1.71974
-1.72004
-1.72064
-1.72109
-1.7214
-1.72155
-1.72216
-1.72125
-1.72125
-1.7217
-1.7223
-1.72411
-1.72456
-1.72502
-1.72442
-1.72367
-1.72367
-1.72472
-1.72382
-1.72457
-1.72426
-1.72381
-1.72365
-1.7238
-1.7235
-1.72381
-1.72275
-1.72276
-1.72155
-1.7208
-1.72111
-1.72035
-1.71944
-1.72019
-1.71958
-1.71943
-1.71898
-1.71913
-1.72019
-1.72064
-1.72049
-1.72004
-1.71899
-1.71884
-1.71914
-1.71944
-1.71958
-1.72003
-1.71928
-1.71883
-1.71854
-1.71824
-1.71899
-1.71808
-1.71792
-1.71746
-1.71701
-1.71807
-1.71717
-1.71657
-1.71718
-1.71748
-1.71703
-1.71717
-1.71762
-1.71746
-1.71881
-1.71881
-1.71896
-1.71867
-1.71943
-1.71959
-1.72005
-1.71975
-1.71959
-1.71868
-1.71988
-1.72018
-1.72004
-1.72065
-1.72004
-1.72065
-1.72019
-1.71913
-1.71883
-1.71958
-1.71913
-1.71928
-1.71913
-1.71852
-1.71912
-1.71942
-1.71927
-1.71867
-1.71837
-1.71944
-1.71869
-1.71915
-1.71885
-1.71824
-1.71823
-1.71807
-1.71836
-1.71957
-1.72019
-1.72019
-1.71974
-1.71989
-1.71883
-1.71898
-1.71914
-1.71838
-1.71883
-1.71942
-1.72002
-1.72154
-1.72169
-1.72064
-1.72034
-1.71989
-1.72064
-1.72034
-1.72125
-1.72306
-1.72215
-1.7211
-1.72155
-1.72049
-1.71928
-1.71974
-1.71958
-1.71897
-1.71836
-1.71957
-1.72018
-1.72155
-1.72154
-1.72154
-1.72049
-1.72125
-1.72095
-1.72111
-1.72005
-1.7205
-1.71929
-1.71974
-1.71943
-1.71732
-1.71747
-1.71822
-1.71852
-1.71746
-1.71807
-1.71943
-1.71943
-1.71958
-1.71883
-1.71823
-1.71823
-1.71822
-1.71867
-1.71671
-1.71762
-1.71748
-1.71763
-1.71793
-1.71703
-1.71778
-1.71748
-1.71883
-1.71792
-1.7176
-1.71639
-1.71656
-1.71702
-1.71703
-1.71839
-1.71823
-1.71959
-1.71913
-1.71883
-1.71777
-1.71777
-1.71793
-1.71914
-1.71884
-1.71823
-1.71777
-1.71791
-1.71867
-1.72048
-1.72019
-1.71974
-1.71989
-1.72095
-1.72065
-1.72081
-1.72142
-1.72248
-1.72291
-1.72259
-1.72289
-1.72365
-1.72366
-1.72321
-1.72367
-1.72428
-1.72353
-1.72248
-1.72263
-1.72171
-1.72125
-1.72093
-1.72078
-1.72049
-1.71974
-1.71975
-1.71975
-1.71914
-1.71837
-1.71867
-1.71942
-1.72018
-1.72018
-1.71988
-1.72109
-1.72034
-1.72109
-1.72018
-1.72034
-1.72019
-1.72125
-1.72109
-1.72079
-1.72124
-1.72003
-1.72033
-1.72094
-1.72064
-1.72124
-1.72079
-1.72063
-1.72139
-1.7226
-1.7217
-1.7211
-1.72004
-1.72019
-1.71973
-1.72018
-1.72244
-1.72336
-1.72427
-1.72367
-1.72472
-1.72351
-1.72306
-1.722
-1.7229
-1.72245
-1.7223
-1.72305
-1.72396
-1.72305
-1.72245
-1.72305
-1.72351
-1.72335
-1.72274
-1.72229
-1.72289
-1.7226
-1.72336
-1.72412
-1.72351
-1.7223
-1.72214
-1.725
-1.7253
-1.7253
-1.7253
-1.72501
-1.72427
-1.72382
-1.72367
-1.72291
-1.72366
-1.7229
-1.72214
-1.72213
-1.72032
-1.72123
-1.72183
-1.72274
-1.72244
-1.72169
-1.7223
-1.72184
-1.72169
-1.72214
-1.72199
-1.72168
-1.72063
-1.71987
-1.72048
-1.72018
-1.71852
-1.71882
-1.71853
-1.71822
-1.71731
-1.717
-1.71957
-1.71958
-1.71746
-1.71641
-1.7158
-1.71444
-1.71444
-1.71474
-1.71459
-1.71549
-1.71519
-1.71579
-1.71655
-1.71806
-1.71852
-1.72078
-1.72048
-1.72078
-1.72199
-1.7229
-1.72214
-1.72245
-1.72411
-1.72411
-1.72336
-1.72487
-1.72608
-1.72578
-1.72608
-1.72548
-1.72547
-1.72486
-1.72682
-1.72606
-1.72742
-1.72758
-1.72728
-1.72668
-1.72547
-1.72502
-1.72366
-1.72261
-1.72231
-1.72186
-1.72125
-1.7223
-1.72199
-1.72154
-1.7214
-1.72276
-1.72367
-1.72352
-1.72276
-1.72229
-1.72108
-1.72047
-1.72048
-1.72124
-1.72034
-1.72064
-1.72019
-1.72019
-1.71989
-1.71853
-1.71913
-1.71958
-1.71867
-1.71974
-1.72065
-1.72186
-1.72171
-1.72125
-1.72018
-1.72109
-1.72093
-1.72154
-1.72078
-1.72154
-1.7223
-1.72351
-1.72412
-1.72427
-1.72366
-1.72411
-1.72441
-1.72396
-1.72487
-1.72441
-1.72457
-1.72456
-1.7244
-1.72395
-1.72365
-1.72336
-1.72246
-1.72246
-1.722
-1.72184
-1.72184
-1.72154
-1.72123
-1.72078
-1.72094
-1.72245
-1.72306
-1.72321
-1.72411
-1.72396
-1.72321
-1.72245
-1.72184
-1.72123
-1.72017
-1.71956
-1.72214
-1.7226
-1.72185
-1.72185
-1.72125
-1.72155
-1.72201
-1.72306
-1.72156
-1.72261
-1.72261
-1.72291
-1.72305
-1.72364
-1.72229
-1.7211
-1.72201
-1.72217
-1.72246
-1.72186
-1.72246
-1.72245
-1.72139
-1.72139
-1.72033
-1.72139
-1.72139
-1.72124
-1.71989
-1.72034
-1.72004
-1.71989
-1.71989
-1.72049
-1.72018
-1.72049
-1.72125
-1.72201
-1.72261
-1.722
-1.722
-1.72124
-1.72079
-1.72155
-1.7214
-1.72216
-1.72201
-1.7202
-1.71959
-1.71944
-1.71913
-1.71927
-1.72078
-1.72003
-1.72109
-1.72154
-1.72215
-1.72246
-1.72337
-1.72276
-1.72276
-1.72306
-1.72351
-1.72246
-1.72321
-1.72411
-1.72426
-1.72336
-1.72442
-1.72457
-1.72381
-1.72487
-1.72396
-1.72472
-1.72487
-1.72426
-1.72502
-1.72457
-1.72442
-1.72397
-1.72246
-1.72231
-1.72292
-1.72246
-1.72155
-1.72034
-1.72018
-1.72124
-1.72154
-1.72109
-1.72094
-1.72185
-1.72321
-1.72276
-1.72412
-1.72458
-1.72413
-1.72488
-1.72503
-1.72623
-1.72608
-1.72593
-1.72669
-1.72669
-1.72609
-1.72655
-1.72474
-1.72473
-1.72458
-1.61966
-1.61996
-1.61891
-1.61966
-1.62057
-1.62012
-1.61982
-1.61952
-1.62043
-1.62073
-1.61982
-1.62028
-1.62103
-1.62012
-1.61982
-1.61937
-1.61967
-1.61846
-1.61755
-1.61816
-1.61921
-1.62012
-1.61997
-1.61982
-1.61982
-1.62012
-1.61907
-1.61816
-1.61937
-1.61786
-1.61711
-1.61621
-1.61621
-1.61545
-1.61499
-1.61438
-1.61467
-1.61498
-1.61483
-1.61528
-1.61514
-1.61438
-1.61483
-1.61514
-1.61604
-1.61694
-1.61589
-1.61559
-1.61453
-1.61514
-1.61529
-1.61484
-1.61514
-1.61529
-1.6159
-1.6159
-1.61529
-1.61574
-1.61588
-1.61649
-1.61635
-1.61544
-1.61605
-1.6165
-1.6165
-1.61575
-1.61575
-1.6162
-1.61619
-1.61618
-1.61497
-1.61543
-1.6168
-1.61695
-1.61771
-1.61665
-1.61619
-1.61634
-1.61619
-1.6174
-1.61755
-1.61846
-1.61906
-1.61907
-1.61725
-1.61574
-1.61392
-1.61437
-1.61453
-1.61498
-1.61423
-1.61378
-1.61302
-1.61347
-1.61195
-1.61301
-1.61302
-1.61303
-1.61243
-1.61379
-1.61409
-1.61348
-1.61241
-1.61362
-1.61363
-1.61484
-1.61484
-1.61604
-1.61724
-1.61694
-1.61724
-1.61695
-1.6168
-1.61771
-1.61756
-1.61696
-1.61726
-1.6162
-1.6159
-1.61681
-1.61636
-1.61515
-1.61424
-1.61407
-1.6133
-1.6127
-1.61212
-1.61228
-1.61228
-1.61363
-1.61454
-1.61529
-1.61575
-1.61468
-1.61408
-1.61483
-1.61513
-1.61574
-1.61619
-1.6159
-1.6159
-1.6156
-1.6156
-1.61574
-1.61423
-1.61513
-1.61467
-1.61482
-1.61573
-1.61558
-1.61649
-1.61649
-1.61499
-1.61544
-1.61604
-1.6165
-1.61469
-1.61499
-1.6162
-1.61483
-1.61528
-1.61496
-1.61481
-1.61467
-1.61483
-1.61439
-1.6141
-1.6147
-1.61334
-1.61348
-1.61302
-1.61316
-1.61286
-1.61286
-1.61333
-1.61409
-1.61469
-1.61514
-1.61634
-1.61634
-1.61467
-1.61332
-1.61394
-1.61365
-1.6135
-1.61319
-1.61273
-1.61227
-1.61135
-1.613
-1.6127
-1.61286
-1.61318
-1.61274
-1.61335
-1.61501
-1.61486
-1.615
-1.61515
-1.61559
-1.61619
-1.61679
-1.61739
-1.61633
-1.61649
-1.6174
-1.61681
-1.61545
-1.61531
-1.61546
-1.615
-1.61484
-1.61529
-1.61483
-1.61422
-1.61422
-1.61438
-1.61544
-1.61514
-1.6165
-1.61726
-1.61605
-1.6162
-1.61378
-1.61394
-1.61243
-1.61152
-1.61061
-1.61121
-1.61075
-1.61045
-1.61121
-1.61076
-1.61076
-1.61106
-1.61226
-1.61226
-1.61211
-1.61197
-1.61242
-1.61227
-1.61242
-1.61378
-1.61439
-1.61454
-1.61469
-1.6159
-1.6159
-1.61529
-1.61514
-1.61574
-1.61589
-1.61589
-1.61543
-1.61483
-1.61514
-1.61455
-1.61516
-1.61546
-1.61545
-1.61589
-1.61694
-1.61618
-1.61725
-1.61651
-1.61621
-1.61561
-1.61576
-1.61485
-1.6153
-1.61559
-1.61529
-1.61589
-1.61619
-1.61589
-1.61619
-1.61529
-1.61454
-1.61515
-1.61681
-1.61666
-1.61635
-1.61695
-1.61695
-1.6165
-1.61741
-1.61711
-1.61666
-1.6162
-1.6159
-1.61499
-1.61378
-1.61454
-1.61379
-1.61394
-1.61364
-1.61242
-1.61287
-1.61287
-1.61347
-1.61393
-1.61393
-1.61318
-1.61288
-1.61334
-1.61319
-1.61349
-1.61319
-1.61304
-1.61258
-1.61197
-1.61243
-1.61318
-1.61287
-1.61302
-1.61362
-1.61181
-1.61257
-1.61318
-1.61333
-1.61363
-1.61318
-1.6147
-1.61516
-1.61576
-1.61485
-1.61561
-1.61621
-1.61485
-1.61363
-1.61331
-1.61165
-1.61167
-1.61062
-1.61017
-1.61061
-1.61076
-1.61091
-1.60985
-1.61
-1.60925
-1.6091
-1.60894
-1.60879
-1.60909
-1.61015
-1.61045
-1.61135
-1.61135
-1.61181
-1.61181
-1.61121
-1.61121
-1.61091
-1.61121
-1.61106
-1.61106
-1.6106
-1.6109
-1.6109
-1.61347
-1.61348
-1.61347
-1.61287
-1.61256
-1.61332
-1.61362
-1.61423
-1.61439
-1.61394
-1.61349
-1.61318
-1.61378
-1.6121
-1.61225
-1.61225
-1.61287
-1.61348
-1.61424
-1.61423
-1.61318
-1.61303
-1.61378
-1.61272
-1.61347
-1.61241
-1.61332
-1.61362
-1.61438
-1.61514
-1.61499
-1.61558
-1.61558
-1.61527
-1.61558
-1.61574
-1.61604
-1.61605
-1.61605
-1.61635
-1.61575
-1.61606
-1.6156
-1.61545
-1.6159
-1.61589
-1.61559
-1.61558
-1.61482
-1.61513
-1.61544
-1.61409
-1.61485
-1.61561
-1.61439
-1.61378
-1.61332
-1.61317
-1.61408
-1.61257
-1.6115
-1.6109
-1.61075
-1.61106
-1.61182
-1.61258
-1.61334
-1.61274
-1.61349
-1.61499
-1.61513
-1.61496
-1.61451
-1.61437
-1.61468
-1.61363
-1.61425
-1.61425
-1.61411
-1.61426
-1.6135
-1.61409
-1.61362
-1.61376
-1.61346
-1.61257
-1.61243
-1.61379
-1.61455
-1.6144
-1.61334
-1.61454
-1.61378
-1.61378
-1.61438
-1.61454
-1.61379
-1.61304
-1.61259
-1.61425
-1.61425
-1.61424
-1.61333
-1.61408
-1.61469
-1.61439
-1.61515
-1.61529
-1.61498
-1.61454
-1.61364
-1.61486
-1.61486
-1.61546
-1.61561
-1.61485
-1.61484
-1.6159
-1.61697
-1.61667
-1.61712
-1.61711
-1.61711
-1.61757
-1.61802
-1.61878
-1.61727
-1.61681
-1.61635
-1.6159
-1.61454
-1.61364
-1.6147
-1.6153
-1.6159
-1.61605
-1.61605
-1.6162
-1.61575
-1.61606
-1.6156
-1.61515
-1.61635
-1.61484
-1.61394
-1.61409
-1.61349
-1.61395
-1.6144
-1.61409
-1.61438
-1.61467
-1.61498
-1.61408
-1.61408
-1.61393
-1.61363
-1.61363
-1.61363
-1.61364
-1.61334
-1.61409
-1.61423
-1.61348
-1.61257
-1.61363
-1.61363
-1.61469
-1.61409
-1.61545
-1.61485
-1.61514
-1.61363
-1.61256
-1.61332
-1.61333
-1.61334
-1.61365
-1.6141
-1.61485
-1.61439
-1.61484
-1.61499
-1.61454
-1.61393
-1.61545
-1.61469
-1.61514
-1.61515
-1.61484
-1.61393
-1.61302
-1.61347
-1.61241
-1.61181
-1.61182
-1.61167
-1.61138
-1.61274
-1.6132
-1.61289
-1.61273
-1.61273
-1.61393
-1.61362
-1.61437
-1.61422
-1.61362
-1.61317
-1.61333
-1.61333
-1.61394
-1.61455
-1.61439
-1.61499
-1.61469
-1.61559
-1.61573
-1.61619
-1.6177
-1.61755
-1.61696
-1.61621
-1.61576
-1.61606
-1.61575
-1.6162
-1.6162
-1.61621
-1.61394
-1.61348
-1.61256
-1.61135
-1.61151
-1.61061
-1.61092
-1.61077
-1.61108
-1.61062
-1.61122
-1.61091
-1.61181
-1.61196
-1.61166
-1.61272
-1.61227
-1.61394
-1.61243
-1.61183
-1.61288
-1.61333
-1.61288
-1.61273
-1.61303
-1.61575
-1.61695
-1.61695
-1.61589
-1.61454
-1.61363
-1.61439
-1.61348
-1.61409
-1.6141
-1.61395
-1.6141
-1.61334
-1.61483
-1.61467
-1.61513
-1.6162
-1.61636
-1.61651
-1.61606
-1.61606
-1.61621
-1.61652
-1.61592
-1.61486
-1.61379
-1.61273
-1.61302
-1.61256
-1.61272
-1.61302
-1.61439
-1.6147
-1.61471
-1.61531
-1.61515
-1.61499
-1.61468
-1.6165
-1.6162
-1.6168
-1.6168
-1.61725
-1.61786
-1.61861
-1.61877
-1.61771
-1.61786
-1.61726
-1.61696
-1.61666
-1.61757
-1.61712
-1.61697
-1.61576
-1.61545
-1.61528
-1.61573
-1.61649
-1.61544
-1.615
-1.61516
-1.61637
-1.61576
-1.61666
-1.61726
-1.61786
-1.61755
-1.61664
-1.61543
-1.61665
-1.61605
-1.61546
-1.6135
-1.61381
-1.6138
-1.61485
-1.61604
-1.61558
-1.61483
-1.61483
-1.61454
-1.61469
-1.61484
-1.61484
-1.6156
-1.61636
-1.61666
-1.6156
-1.61575
-1.61484
-1.615
-1.61515
-1.6147
-1.61394
-1.61409
-1.61439
-1.61469
-1.61484
-1.61349
-1.61424
-1.61348
-1.61332
-1.61376
-1.61468
-1.61484
-1.61622
-1.61426
-1.61471
-1.61425
-1.61379
-1.61257
-1.61363
-1.61348
-1.61333
-1.61454
-1.6153
-1.61455
-1.61409
-1.61439
-1.61484
-1.61514
-1.61454
-1.6153
-1.61501
-1.6141
-1.61425
-1.61304
-1.61363
-1.61377
-1.61529
-1.61575
-1.61546
-1.61577
-1.61456
-1.61395
-1.61319
-1.61378
-1.61439
-1.61499
-1.61529
-1.6156
-1.6153
-1.6156
-1.61455
-1.61501
-1.61501
-1.6147
-1.61273
-1.61196
-1.6112
-1.61121
-1.61183
-1.61228
-1.61228
-1.61228
-1.61198
-1.61213
-1.61273
-1.61227
-1.61227
-1.61318
-1.61243
-1.61258
-1.61212
-1.61348
-1.61227
-1.61198
-1.61153
-1.61153
-1.61091
-1.61226
-1.61317
-1.61212
-1.61212
-1.61273
-1.61273
-1.61227
-1.61273
-1.61348
-1.61363
-1.61363
-1.61408
-1.61453
-1.61438
-1.6156
-1.61303
-1.61379
-1.61545
-1.61514
-1.61438
-1.61498
-1.61484
-1.6156
-1.61681
-1.61635
-1.6165
-1.61635
-1.61454
-1.61453
-1.61422
-1.61452
-1.61453
-1.6159
-1.6147
-1.615
-1.61485
-1.6147
-1.6153
-1.61454
-1.61498
-1.61422
-1.61467
-1.61482
-1.61498
-1.61498
-1.61484
-1.61484
-1.61545
-1.61575
-1.61515
-1.61409
-1.61469
-1.61529
-1.61393
-1.61347
-1.61407
-1.61362
-1.61408
-1.61394
-1.61319
-1.61319
-1.61364
-1.61303
-1.61272
-1.61256
-1.61165
-1.61045
-1.61061
-1.61152
-1.61183
-1.61199
-1.61335
-1.61275
-1.6141
-1.61349
-1.61484
-1.61303
-1.61318
-1.61379
-1.61423
-1.61347
-1.61317
-1.61333
-1.61197
-1.61198
-1.61227
-1.61121
-1.6109
-1.6103
-1.60788
-1.60864
-1.60835
-1.60896
-1.6082
-1.60911
-1.60881
-1.60941
-1.61016
-1.61046
-1.61076
-1.61045
-1.6109
-1.60954
-1.60848
-1.60728
-1.60955
-1.61062
-1.61153
-1.61198
-1.61228
-1.61136
-1.61196
-1.61242
-1.61272
-1.61349
-1.61213
-1.61107
-1.61091
-1.61137
-1.61348
-1.61364
-1.61258
-1.61259
-1.61244
-1.61244
-1.61378
-1.61407
-1.61377
-1.61258
-1.61274
-1.61304
-1.61259
-1.61319
-1.61439
-1.615
-1.6141
-1.61365
-1.61304
-1.61152
-1.61091
-1.61121
-1.61137
-1.61274
-1.61305
-1.61411
-1.61516
-1.61486
-1.61395
-1.61485
-1.61605
-1.6165
-1.61604
-1.61469
-1.615
-1.6141
-1.61441
-1.61455
-1.61469
-1.61469
-1.61484
-1.61379
-1.61364
-1.61349
-1.6135
-1.6144
-1.61515
-1.615
-1.61529
-1.61635
-1.61605
-1.61666
-1.61696
-1.61621
-1.61516
-1.61516
-1.61546
-1.61591
-1.61514
-1.61392
-1.61287
-1.61318
-1.61318
-1.61348
-1.61333
-1.61378
-1.61333
-1.61287
-1.61197
-1.61152
-1.61243
-1.61243
-1.61168
-1.61138
-1.61259
-1.61198
-1.61288
-1.61394
-1.61378
-1.61423
-1.61453
-1.61528
-1.61574
-1.61483
-1.61529
-1.6165
-1.61696
-1.61605
-1.61575
-1.61439
-1.61455
-1.61454
-1.61529
-1.61438
-1.61484
-1.61515
