1.89852
1.89337
1.88421
1.87038
1.85093
1.82456
1.78963
1.74432
1.68693
1.61631
1.53251
1.43759
1.3362
1.23551
1.1439
1.06889
1.01512
0.983574
0.97207
0.976423
0.991664
1.01289
1.03585
1.05723
1.07486
1.08776
1.09603
1.10065
1.10303
1.10453
1.1059
1.10712
1.10745
1.10563
1.10027
1.09027
1.07535
1.05651
1.03587
1.01607
0.999271
0.986512
0.977769
0.972631
0.970912
0.972788
0.978415
0.98745
0.998875
1.0111
1.02232
1.03091
1.03573
1.03619
1.03239
1.02529
1.01656
1.00823
1.00194
0.998377
0.997395
0.99854
1.00142
1.00572
1.01101
1.01652
1.02122
1.02414
1.02486
1.02382
1.02236
1.02212
1.02433
1.02926
1.03617
1.0437
1.05039
1.05528
1.05826
1.05995
1.06121
1.06239
1.06311
1.06253
1.06029
1.05695
1.05361
1.05128
1.05046
1.05118
1.05325
1.05626
1.0597
1.06288
1.06503
1.0655
1.0638
1.05967
1.05307
1.0441
1.03299
1.02
1.00541
0.989666
0.973678
0.958955
0.94741
0.940813
0.9403
0.946289
0.958368
0.975061
0.993872
1.012
1.02716
1.03793
1.0438
1.04494
1.04216
1.03669
1.03008
1.02379
1.01868
1.01472
1.01128
1.00779
1.00443
1.00221
1.00237
1.00581
1.0127
1.02268
1.03506
1.04901
1.06347
1.07716
1.08874
1.09703
1.10147
1.10245
1.10139
1.10018
1.10021
1.10144
1.10252
1.1018
1.09835
1.09246
1.08578
1.08059
1.07855
1.07974
1.08273
1.08542
1.08597
1.08314
1.07643
1.06599
1.05273
1.03864
1.02706
1.02177
1.0245
1.03302
1.04263
1.04957
1.05298
1.05444
1.05635
1.06029
1.06651
1.07432
1.08273
1.09089
1.09845
1.10571
1.11308
1.12007
1.12489
1.12527
1.11973
1.10845
1.09355
1.07877
1.06828
1.0647
1.06785
1.07523
1.0838
1.09148
1.09744
1.10158
1.10386
1.10383
1.10069
1.09363
1.08239
1.0675
1.0501
1.03148
1.01259
0.994193
0.977443
0.96406
0.955697
0.953079
0.955964
0.963811
0.976294
0.99323
1.01415
1.038
1.06314
1.08758
1.10942
1.12705
1.13945
1.14622
1.14766
1.14451
1.1378
1.12858
1.11771
1.10592
1.09381
1.08204
1.07132
1.06243
1.05611
1.05297
1.05345
1.05775
1.0657
1.07659
1.08925
1.10214
1.11368
1.12248
1.12763
1.12887
1.12646
1.12109
1.11371
1.10557
1.09829
1.09389
1.09401
1.09907
1.10795
1.11883
1.12999
1.14009
1.14786
1.15197
1.15133
1.14559
1.13561
1.12324
1.11041
1.09809
1.08618
1.07423
1.06208
1.05011
1.03896
1.02928
1.02157
1.01618
1.01335
1.01306
1.01484
1.01767
1.02018
1.02089
1.01863
1.01285
1.00386
0.992925
0.982193
0.974432
0.972408
0.978009
0.991463
1.01101
1.0333
1.05431
1.0705
1.0796
1.08087
1.07512
1.0645
1.05218
1.04175
1.03616
1.03671
1.04271
1.05205
1.06236
1.07187
1.07951
1.08458
1.08652
1.08489
1.07968
1.0716
1.06199
1.05218
1.04293
1.0342
1.02595
1.01908
1.01576
1.01847
1.02826
1.04378
1.06168
1.07804
1.08971
1.09485
1.09309
1.08532
1.07361
1.0608
1.05002
1.04376
1.04307
1.04715
1.05384
1.06034
1.06408
1.06316
1.05663
1.04473
1.02894
1.01166
0.995526
0.982789
0.974904
0.972513
0.975598
0.983629
0.995586
1.0099
1.02449
1.03702
1.04538
1.04813
1.04514
1.03783
1.02919
1.0228
1.0213
1.025
1.03184
1.0389
1.0441
1.04699
1.04855
1.05032
1.05354
1.0586
1.065
1.0717
1.07767
1.08226
1.0853
1.08696
1.08749
1.08713
1.08617
1.08506
1.08441
1.08474
1.08625
1.08863
1.09123
1.09331
1.09432
1.09406
1.09266
1.09053
1.08808
1.08566
1.08359
1.08202
1.08088
1.07986
1.07844
1.07612
1.07265
1.06814
1.06317
1.05858
1.05523
1.05359
1.05339
1.05367
1.0533
1.05189
1.0503
1.05018
1.05275
1.05787
1.06433
1.07074
1.07609
1.07988
1.08202
1.08292
1.08337
1.08449
1.08721
1.09199
1.0986
1.10619
1.11365
1.11986
1.12384
1.12483
1.12234
1.1163
1.10709
1.09555
1.08296
1.0708
1.06045
1.05304
1.04916
1.04883
1.05145
1.05593
1.06093
1.06522
1.06797
1.06894
1.06848
1.0674
1.06672
1.06732
1.06952
1.07278
1.07566
1.07608
1.07206
1.06265
1.04871
1.03321
1.02034
1.01378
1.01495
1.02304
1.03618
1.05267
1.07134
1.09135
1.11184
1.13179
1.15004
1.16553
1.17743
1.18522
1.1886
1.18738
1.18138
1.17056
1.15521
1.13604
1.11436
1.09201
1.07118
1.05395
1.04157
1.03404
1.03052
1.03028
1.03332
1.04027
1.05162
1.06683
1.08384
1.09935
1.10984
1.11287
1.10837
1.09935
1.091
1.08805
1.09224
1.10224
1.11496
1.12691
1.13498
1.13724
1.13318
1.12361
1.11026
1.0954
1.08149
1.07075
1.06469
1.06374
1.0671
1.07311
1.07974
1.08517
1.0881
1.08797
1.08457
1.07763
1.06691
1.05274
1.03682
1.02225
1.01272
1.01105
1.01814
1.03294
1.05322
1.07627
1.09936
1.12033
1.13808
1.15258
1.16452
1.17472
1.18351
1.19051
1.19472
1.1949
1.19011
1.17992
1.16467
1.14532
1.12321
1.09979
1.07657
1.05502
1.03658
1.02252
1.01358
1.00963
1.00968
1.01236
1.01645
1.02137
1.02717
1.03437
1.04342
1.05395
1.06453
1.07303
1.07742
1.07646
1.07003
1.0591
1.0455
1.03149
1.01887
1.0083
0.999324
0.99113
0.983398
0.976773
0.97284
0.973657
0.980698
0.993894
1.01155
1.03109
1.05006
1.06646
1.07877
1.08583
1.08709
1.08299
1.07501
1.06538
1.05642
1.04978
1.04591
1.04403
1.04262
1.04017
1.0357
1.02896
1.02016
1.00963
0.997677
0.984804
0.972228
0.962167
0.957396
0.959945
0.969674
0.98407
0.999717
1.014
1.02589
1.0358
1.04481
1.0538
1.06296
1.07177
1.07932
1.0848
1.08785
1.08858
1.08743
1.08499
1.08173
1.07792
1.07348
1.06807
1.06135
1.05338
1.04492
1.03733
1.03231
1.03127
1.03484
1.04248
1.05264
1.06294
1.07077
1.07359
1.06949
1.05763
1.03877
1.01564
0.99234
0.972969
0.959801
0.952784
0.950446
0.951325
0.954727
0.960732
0.969745
0.981993
0.997148
1.01429
1.03214
1.04942
1.06505
1.07803
1.0872
1.09108
1.08837
1.07875
1.06346
1.04542
1.02865
1.01721
1.01385
1.01941
1.03291
1.05215
1.07418
1.0958
1.11397
1.1263
1.13151
1.12963
1.12177
1.10987
1.09637
1.08402
1.07543
1.07227
1.07449
1.08026
1.08686
1.09204
1.09507
1.09677
1.09876
1.10195
1.1056
1.10749
1.10518
1.09717
1.08352
1.06582
1.04688
1.03004
1.01841
1.01402
1.01721
1.02668
1.04006
1.05466
1.06792
1.07774
1.08266
1.08207
1.07639
1.06703
1.05627
1.0468
1.04106
1.04066
1.04603
1.0564
1.07022
1.08556
1.10042
1.11304
1.12194
1.12598
1.1245
1.11741
1.10519
1.0888
1.0694
1.04826
1.02685
1.0069
0.990279
0.978648
0.972737
0.971936
0.974513
0.978411
0.982143
0.98525
0.988287
0.99239
0.99852
1.00652
1.01482
1.02148
1.02582
1.02922
1.03444
1.04379
1.05756
1.07365
1.08868
1.09925
1.1029
1.09843
1.08614
1.06789
1.04711
1.02842
1.01642
1.01412
1.02197
1.03786
1.05832
1.07976
1.09943
1.11572
1.12819
1.13732
1.14401
1.14901
1.15244
1.15375
1.15202
1.14629
1.13578
1.11995
1.09858
1.07206
1.0418
1.01032
0.981005
0.957297
0.941565
0.93418
0.933547
0.937085
0.942436
0.948153
0.953923
0.960323
0.96851
0.979792
0.995154
1.0147
1.03736
1.06111
1.08361
1.10284
1.11742
1.12662
1.13021
1.1283
1.12123
1.10963
1.0946
1.07793
1.06165
1.04734
1.03547
1.02543
1.01622
1.0073
0.999001
0.992398
0.988553
0.987895
0.98998
0.993778
0.998161
1.00213
1.00486
1.00582
1.0052
1.0044
1.00585
1.012
1.02368
1.03926
1.0557
1.07033
1.08193
1.09055
1.0968
1.10128
1.10434
1.10618
1.10703
1.10718
1.10709
1.10732
1.10835
1.11034
1.11296
1.1156
1.11752
1.11817
1.11732
1.11524
1.11268
1.11066
1.10998
1.1109
1.11311
1.11602
1.11893
1.12107
1.12158
1.11961
1.11454
1.1062
1.09515
1.08252
1.06959
1.05718
1.04517
1.03289
1.02033
1.00928
1.00331
1.00552
1.01572
1.03037
1.04545
1.05876
1.06996
1.07931
1.08679
1.09202
1.09455
1.09413
1.09077
1.08447
1.07526
1.06322
1.0488
1.03317
1.0185
1.00765
1.00313
1.00555
1.01303
1.02189
1.02843
1.03014
1.02617
1.01731
1.00561
0.993663
0.983759
0.977189
0.97444
0.975929
0.982527
0.995085
1.01366
1.03704
1.06294
1.08859
1.11134
1.1293
1.14161
1.14836
1.15021
1.14764
1.14069
1.12912
1.11298
1.09312
1.0712
1.04938
1.02963
1.01333
1.00127
0.993966
0.991542
0.993408
0.998341
1.00502
1.01252
1.02043
1.0285
1.0365
1.04423
1.05164
1.05891
1.06626
1.07358
1.08011
1.08448
1.08535
1.0821
1.07567
1.06854
1.0641
1.06498
1.07148
1.08132
1.09091
1.09688
1.09724
1.09184
1.08192
1.0693
1.05559
1.04211
1.03042
1.02281
1.02182
1.029
1.04363
1.06256
1.08152
1.09667
1.10554
1.10725
1.10213
1.09129
1.07603
1.05746
1.03628
1.01315
0.989086
0.965757
0.945215
0.929244
0.918641
0.913092
0.911814
0.914325
0.920535
0.930021
0.94145
0.953085
0.963916
0.974066
0.984158
0.994486
1.00478
1.01467
1.02413
1.03338
1.04243
1.05049
1.05597
1.05705
1.05249
1.04233
1.02829
1.01364
1.0025
0.998277
1.002
1.01184
1.02423
1.03567
1.04419
1.04996
1.05466
1.06002
1.06665
1.07356
1.07889
1.08083
1.88753
1.8661
1.83843
1.80732
1.77525
1.74348
1.71174
1.67933
1.64681
1.61675
1.59224
1.5749
1.56369
1.55581
1.54839
1.53935
1.52777
1.51422
1.50199
1.49709
1.50475
1.52418
1.54756
1.56469
1.56852
1.55738
1.53471
1.50763
1.48476
1.47397
1.48115
1.50843
1.55094
1.59715
1.63517
1.65813
1.6646
1.65661
1.63802
1.61348
1.5877
1.56451
1.54592
1.53185
1.52147
1.51526
1.51572
1.52509
1.54147
1.55822
1.56813
1.56806
1.56061
1.55146
1.54431
1.53874
1.53305
1.52712
1.52162
1.51604
1.50902
1.50081
1.49453
1.49404
1.50036
1.51072
1.5212
1.53033
1.53984
1.55171
1.5648
1.57534
1.58022
1.57968
1.57792
1.5801
1.58798
1.59977
1.61433
1.63279
1.6558
1.68104
1.7039
1.71954
1.72424
1.71591
1.69452
1.66254
1.62572
1.59261
1.57198
1.56887
1.58235
1.60717
1.63706
1.66656
1.69109
1.70644
1.70917
1.69774
1.67343
1.64023
1.604
1.57112
1.54717
1.53568
1.53746
1.55077
1.57211
1.59701
1.62103
1.64075
1.65436
1.66177
1.66406
1.66286
1.65969
1.65557
1.651
1.64605
1.64079
1.63517
1.62899
1.62184
1.61316
1.60254
1.59043
1.57833
1.56773
1.55889
1.55164
1.54768
1.55071
1.56343
1.58454
1.60878
1.62982
1.64308
1.64674
1.641
1.62705
1.60727
1.58691
1.57479
1.57964
1.60327
1.63818
1.67299
1.69832
1.70823
1.69924
1.66997
1.62213
1.56188
1.50022
1.45047
1.42303
1.42057
1.43796
1.46717
1.50147
1.53483
1.55997
1.5695
1.56064
1.54012
1.52192
1.51474
1.51494
1.51565
1.51514
1.516
1.52125
1.5322
1.54744
1.56303
1.57431
1.57827
1.57502
1.56756
1.56003
1.55555
1.55554
1.56028
1.56895
1.57933
1.58844
1.59349
1.59253
1.58492
1.57158
1.55473
1.53705
1.52095
1.5079
1.49835
1.49187
1.48772
1.48548
1.48551
1.48889
1.49582
1.50331
1.50594
1.49991
1.48575
1.4677
1.45139
1.44171
1.44191
1.45346
1.47519
1.50188
1.52523
1.53734
1.5338
1.51524
1.48772
1.46106
1.44449
1.44207
1.45152
1.46724
1.48431
1.50034
1.51515
1.52962
1.54465
1.56038
1.57588
1.58928
1.59816
1.60009
1.5934
1.57804
1.55613
1.53181
1.51007
1.49503
1.48839
1.48855
1.49174
1.49442
1.49508
1.49555
1.5019
1.52177
1.55648
1.59717
1.63199
1.65408
1.66253
1.66021
1.65218
1.64445
1.6417
1.64449
1.6491
1.65051
1.64553
1.63408
1.619
1.60476
1.59494
1.59032
1.58935
1.59055
1.59387
1.60002
1.60936
1.62116
1.63399
1.64613
1.65556
1.65986
1.6567
1.64457
1.62361
1.59611
1.5667
1.54173
1.52679
1.52351
1.52832
1.53523
1.54002
1.54255
1.54616
1.5552
1.57252
1.59784
1.62807
1.65863
1.68519
1.70506
1.7178
1.72488
1.72843
1.72994
1.72973
1.7274
1.72273
1.71623
1.70869
1.70011
1.69009
1.67931
1.66991
1.66383
1.66201
1.66498
1.67281
1.68407
1.69555
1.70349
1.70501
1.69876
1.68512
1.66631
1.64615
1.62917
1.61909
1.61757
1.62365
1.63437
1.64594
1.6549
1.65868
1.65594
1.64658
1.63172
1.61387
1.59652
1.58296
1.57484
1.57173
1.57199
1.5738
1.57557
1.57647
1.5769
1.57839
1.58251
1.59008
1.60084
1.61347
1.62563
1.63427
1.63656
1.63073
1.6164
1.59448
1.56738
1.53938
1.51574
1.5008
1.49667
1.50325
1.51862
1.53974
1.56348
1.5874
1.60953
1.62752
1.63814
1.63797
1.62507
1.60025
1.56762
1.53404
1.50754
1.49418
1.49498
1.50575
1.52036
1.53422
1.54533
1.55321
1.55759
1.55782
1.55294
1.54214
1.52538
1.50393
1.48079
1.46088
1.45125
1.4593
1.48745
1.52854
1.56968
1.5999
1.61362
1.60993
1.59124
1.56219
1.529
1.49836
1.47608
1.46489
1.4628
1.46441
1.46454
1.46077
1.45422
1.44883
1.44989
1.46169
1.48524
1.51709
1.55057
1.57918
1.59978
1.61343
1.62301
1.62985
1.63275
1.63011
1.62174
1.60877
1.59207
1.57126
1.54611
1.52015
1.50045
1.49076
1.48759
1.48548
1.48194
1.47727
1.4728
1.47045
1.47288
1.48312
1.50287
1.53036
1.56021
1.586
1.60321
1.61003
1.60632
1.59287
1.57182
1.54723
1.52421
1.50718
1.49939
1.50349
1.52112
1.5514
1.59083
1.63482
1.67912
1.71999
1.75415
1.77876
1.79191
1.79311
1.7835
1.7655
1.74178
1.71437
1.68475
1.65446
1.62507
1.59708
1.56957
1.54133
1.51248
1.48504
1.46184
1.445
1.43629
1.43896
1.45738
1.49277
1.53907
1.58473
1.61882
1.63547
1.63424
1.61866
1.59442
1.56779
1.54419
1.52749
1.5202
1.52371
1.53741
1.55718
1.57599
1.58729
1.58859
1.58254
1.57488
1.5708
1.57183
1.5756
1.57785
1.57485
1.56486
1.54839
1.52749
1.5048
1.48327
1.46616
1.45659
1.45609
1.46353
1.47562
1.4889
1.50147
1.51303
1.52405
1.53509
1.54615
1.55611
1.56286
1.56435
1.55991
1.55097
1.54128
1.53648
1.5418
1.55778
1.57813
1.59298
1.59391
1.57689
1.54356
1.50153
1.46319
1.44182
1.44553
1.4733
1.51632
1.56274
1.60251
1.6308
1.64787
1.65649
1.65939
1.65802
1.65268
1.64327
1.63022
1.61489
1.5996
1.58703
1.57934
1.57725
1.57957
1.58367
1.58702
1.58882
1.5906
1.59501
1.60371
1.61579
1.62787
1.63608
1.63819
1.63463
1.62789
1.62117
1.61722
1.61737
1.62069
1.62396
1.62258
1.61235
1.59164
1.56285
1.53186
1.50527
1.48818
1.48361
1.49247
1.51273
1.53943
1.56728
1.59354
1.61821
1.6421
1.66501
1.68492
1.6985
1.70281
1.69753
1.68668
1.67776
1.67761
1.68755
1.70226
1.71394
1.71707
1.71017
1.69503
1.67505
1.6536
1.63299
1.6147
1.60021
1.59127
1.58914
1.59309
1.59967
1.6038
1.60185
1.59406
1.5845
1.5784
1.57868
1.58438
1.59183
1.59735
1.59943
1.59929
1.59925
1.60036
1.60186
1.60245
1.60107
1.59663
1.58818
1.57694
1.56809
1.56883
1.58262
1.60563
1.63034
1.65129
1.66704
1.67835
1.6862
1.69125
1.69415
1.69543
1.69469
1.69009
1.67887
1.65875
1.62963
1.59448
1.55909
1.53001
1.51213
1.50706
1.51298
1.5255
1.53913
1.54911
1.55271
1.54971
1.54258
1.53553
1.53123
1.52842
1.5241
1.51739
1.5108
1.50897
1.51611
1.53327
1.55682
1.57931
1.59187
1.58705
1.56277
1.52661
1.49282
1.469
1.4508
1.43342
1.41981
1.41749
1.43156
1.46079
1.49926
1.54061
1.58066
1.61728
1.64901
1.67412
1.69051
1.69654
1.69223
1.67966
1.66266
1.64557
1.63176
1.6227
1.61798
1.61631
1.61653
1.61772
1.61845
1.61656
1.61
1.59782
1.58052
1.56
1.53915
1.52076
1.50648
1.49687
1.4926
1.49562
1.50837
1.53202
1.56506
1.60338
1.64151
1.67426
1.6981
1.71186
1.7167
1.71552
1.71166
1.70725
1.70202
1.69367
1.67968
1.65967
1.63653
1.61543
1.60097
1.59551
1.59987
1.61393
1.63607
1.66277
1.68952
1.71215
1.72747
1.7331
1.72735
1.71005
1.68396
1.65561
1.63324
1.62184
1.6208
1.62643
1.63521
1.64424
1.65049
1.65098
1.64395
1.63072
1.61606
1.60578
1.60224
1.60318
1.60437
1.60226
1.59475
1.5818
1.56605
1.55174
1.54165
1.53541
1.5311
1.52738
1.52388
1.52054
1.51721
1.51377
1.51088
1.5104
1.51476
1.52533
1.54147
1.56107
1.58119
1.59859
1.61057
1.61593
1.61535
1.61095
1.60523
1.59976
1.59439
1.5875
1.57697
1.56136
1.54047
1.51546
1.48888
1.46488
1.44885
1.44559
1.45686
1.48068
1.51245
1.54654
1.57758
1.60197
1.61851
1.62771
1.6309
1.62985
1.62667
1.62323
1.62067
1.6191
1.61774
1.61522
1.6101
1.6013
1.58824
1.57088
1.5505
1.53016
1.51429
1.50694
1.50999
1.5224
1.54126
1.56374
1.58813
1.61301
1.636
1.6538
1.66371
1.66484
1.65805
1.64518
1.6286
1.61122
1.59683
1.59027
1.59555
1.61199
1.63254
1.6477
1.65053
1.63809
1.61054
1.57029
1.52247
1.47584
1.44158
1.42781
1.4344
1.45488
1.48191
1.51014
1.53587
1.55634
1.56991
1.57685
1.57898
1.5782
1.57531
1.57042
1.56417
1.55842
1.55562
1.55754
1.56385
1.57208
1.57968
1.58703
1.59748
1.61275
1.62939
1.6418
1.6474
1.64815
1.64879
1.65387
1.66521
1.68091
1.69622
1.70547
1.70405
1.69064
1.66938
1.64906
1.63686
1.63225
1.62995
1.62633
1.62103
1.6153
1.61061
1.60795
1.60752
1.60873
1.61083
1.61352
1.61664
1.61939
1.62009
1.61716
1.60998
1.59872
1.58347
1.56439
1.54317
1.52404
1.51262
1.51285
1.52428
1.5417
1.55757
1.56532
1.56169
1.54691
1.52363
1.49573
1.46749
1.44312
1.42605
1.41819
1.41939
1.42737
1.43842
1.44881
1.45617
1.46048
1.46411
1.47058
1.48318
1.50364
1.53168
1.5654
1.60182
1.63773
1.67035
1.69762
1.71825
1.7313
1.73596
1.73162
1.71837
1.69738
1.67109
1.64292
1.61664
1.59547
1.58125
1.57404
1.57253
1.57494
1.57975
1.58556
1.59021
1.59053
1.58339
1.56748
1.54464
1.52035
1.50251
1.49781
1.50764
1.52765
1.55082
1.57067
1.58244
1.58301
1.57053
1.54472
1.5086
1.47073
1.44525
1.44599
1.47648
1.52694
1.58207
1.62976
1.66368
1.68195
1.6854
1.67639
1.65785
1.63281
1.6045
1.57735
1.5568
1.54629
1.54374
1.54261
1.5364
1.52258
1.50397
1.48814
1.48348
1.49306
1.51171
1.52979
1.53924
1.53719
1.52703
1.51757
1.5191
1.53719
1.56897
1.60562
1.89339
1.88943
1.88858
1.88891
1.88754
1.88235
1.87285
1.85989
1.84478
1.82857
1.81218
1.79625
1.78031
1.76266
1.74239
1.72137
1.70382
1.69414
1.69456
1.70407
1.71923
1.73657
1.75388
1.76944
1.78057
1.78374
1.77648
1.75926
1.73568
1.71131
1.69196
1.68195
1.68314
1.69469
1.71342
1.73497
1.75558
1.77321
1.78734
1.79764
1.80292
1.80077
1.78856
1.76509
1.73203
1.69373
1.65604
1.62485
1.60519
1.60037
1.61139
1.63665
1.67274
1.71569
1.76126
1.80402
1.83734
1.85547
1.85565
1.83863
1.80793
1.76929
1.73041
1.69935
1.68036
1.67123
1.66613
1.66033
1.65241
1.64359
1.63583
1.63018
1.62662
1.62541
1.62818
1.63732
1.65347
1.67481
1.69987
1.72925
1.7622
1.7934
1.81577
1.8259
1.82605
1.82261
1.82249
1.82871
1.8385
1.84612
1.84706
1.84034
1.82891
1.81883
1.81604
1.82238
1.83488
1.84886
1.86038
1.86562
1.86031
1.84205
1.81347
1.78317
1.76251
1.75864
1.76927
1.78512
1.79692
1.80038
1.79672
1.79053
1.78696
1.78924
1.79728
1.80788
1.81608
1.81738
1.81024
1.79726
1.78352
1.77294
1.76662
1.76302
1.7592
1.75302
1.74536
1.73934
1.73806
1.74467
1.76231
1.79062
1.82357
1.85291
1.8731
1.88307
1.88503
1.88198
1.8757
1.86585
1.85095
1.83076
1.80761
1.78377
1.75791
1.72711
1.69236
1.6607
1.64147
1.64021
1.65599
1.68391
1.71823
1.75403
1.78841
1.82099
1.85274
1.88378
1.91205
1.93361
1.94382
1.93866
1.91581
1.87674
1.8294
1.78797
1.76581
1.76697
1.78577
1.81295
1.84068
1.86371
1.87832
1.88166
1.8733
1.85652
1.83659
1.81888
1.80952
1.81431
1.83236
1.85346
1.86561
1.86275
1.84541
1.8178
1.78582
1.75591
1.73334
1.72111
1.71972
1.72676
1.73712
1.74587
1.75169
1.75709
1.76444
1.77229
1.77572
1.77031
1.75585
1.73681
1.71987
1.71044
1.7104
1.71853
1.73218
1.74839
1.76445
1.77803
1.7884
1.79778
1.81044
1.8291
1.85164
1.8715
1.88139
1.87717
1.8597
1.83428
1.80854
1.78885
1.77737
1.77202
1.7694
1.7675
1.76676
1.76851
1.77196
1.77296
1.76695
1.7543
1.74169
1.7365
1.74009
1.74848
1.75694
1.76311
1.7677
1.77272
1.77906
1.78535
1.78988
1.79339
1.7997
1.81242
1.83105
1.8509
1.866
1.87099
1.86128
1.83391
1.79051
1.73954
1.69269
1.65701
1.63312
1.62052
1.62078
1.6351
1.6615
1.69523
1.73083
1.7632
1.78803
1.80254
1.80635
1.80185
1.79314
1.78367
1.77483
1.76666
1.75914
1.75241
1.74639
1.74054
1.73437
1.72822
1.72341
1.72136
1.72289
1.72817
1.73685
1.74772
1.75825
1.76516
1.76565
1.75816
1.74255
1.72034
1.69458
1.66829
1.64272
1.61807
1.59666
1.58559
1.59435
1.62608
1.67228
1.71937
1.75744
1.7819
1.79148
1.78682
1.7702
1.74573
1.7186
1.69337
1.67271
1.65785
1.64991
1.64993
1.65804
1.67396
1.69767
1.72843
1.76354
1.79892
1.83086
1.85721
1.87705
1.88999
1.89558
1.89363
1.88514
1.87239
1.85743
1.84042
1.82005
1.79527
1.7663
1.73484
1.70406
1.6777
1.65784
1.64275
1.6282
1.61079
1.59042
1.57079
1.55868
1.56199
1.58584
1.62836
1.68087
1.7327
1.77574
1.80566
1.82075
1.82084
1.80699
1.78183
1.74966
1.7158
1.68553
1.66339
1.65294
1.65604
1.67135
1.69372
1.71555
1.72906
1.72874
1.71313
1.6859
1.65551
1.6323
1.62383
1.63142
1.65091
1.6762
1.70265
1.7286
1.75446
1.78013
1.80315
1.81973
1.82696
1.82387
1.81137
1.7925
1.77295
1.76012
1.76031
1.77542
1.8015
1.83048
1.85397
1.86628
1.86559
1.85323
1.83212
1.80569
1.77856
1.75746
1.74938
1.75691
1.77655
1.80135
1.82392
1.83817
1.841
1.8338
1.82261
1.81464
1.81267
1.81329
1.81124
1.8046
1.79563
1.78794
1.7832
1.7797
1.7737
1.76208
1.7442
1.7224
1.70153
1.68769
1.68606
1.69823
1.721
1.74807
1.77316
1.79283
1.80789
1.82196
1.83738
1.85334
1.86794
1.88025
1.89011
1.89751
1.90243
1.90501
1.90551
1.90431
1.90188
1.89842
1.89372
1.88767
1.88071
1.87344
1.8658
1.85702
1.84631
1.83348
1.81913
1.80446
1.79077
1.77837
1.76547
1.74868
1.72574
1.69885
1.67508
1.66272
1.66549
1.68007
1.69897
1.71557
1.7278
1.73844
1.75144
1.76776
1.78477
1.7978
1.80186
1.79426
1.77674
1.75499
1.73596
1.72454
1.72195
1.72634
1.73482
1.74503
1.75528
1.76405
1.76963
1.77056
1.76655
1.75926
1.75211
1.74845
1.74957
1.75439
1.76118
1.76891
1.77729
1.78688
1.7996
1.81655
1.83418
1.84425
1.83867
1.81469
1.77781
1.74039
1.71476
1.70601
1.71202
1.72841
1.75193
1.78092
1.81389
1.84791
1.87884
1.90263
1.91638
1.91872
1.90928
1.88806
1.85528
1.81242
1.76404
1.71838
1.68436
1.66621
1.66201
1.66791
1.68142
1.70011
1.71963
1.73478
1.74182
1.73924
1.72777
1.711
1.69548
1.68821
1.69229
1.70541
1.72241
1.7378
1.74682
1.7457
1.73212
1.70652
1.67381
1.64295
1.62286
1.61797
1.62772
1.64917
1.67858
1.71175
1.7442
1.77167
1.79085
1.79988
1.79851
1.78768
1.76847
1.74124
1.70579
1.66277
1.6152
1.5691
1.53208
1.51004
1.50468
1.51388
1.5339
1.56107
1.59269
1.62698
1.66244
1.69726
1.7293
1.75662
1.77808
1.79353
1.80363
1.80921
1.81108
1.81043
1.80931
1.81004
1.81362
1.81939
1.82731
1.83983
1.85891
1.8812
1.89855
1.9036
1.89432
1.87457
1.85062
1.82678
1.80447
1.78462
1.76893
1.75899
1.75534
1.75739
1.76405
1.77398
1.78534
1.796
1.80464
1.81128
1.81661
1.82104
1.82495
1.82898
1.83336
1.83642
1.83493
1.82597
1.80864
1.78388
1.7535
1.72021
1.68698
1.65481
1.62311
1.595
1.57939
1.58321
1.60406
1.63456
1.66964
1.70696
1.74362
1.77447
1.79366
1.79813
1.79134
1.78357
1.78557
1.79868
1.81379
1.82045
1.81418
1.7969
1.77352
1.74856
1.7258
1.70898
1.70017
1.69777
1.69806
1.69858
1.69914
1.70054
1.70351
1.70895
1.71816
1.73222
1.75095
1.77264
1.79434
1.81259
1.82454
1.82898
1.82664
1.81903
1.80719
1.79185
1.77506
1.76082
1.75318
1.75312
1.75825
1.76533
1.77182
1.77617
1.77788
1.77765
1.77659
1.77521
1.77346
1.77143
1.76976
1.76939
1.77062
1.77238
1.77255
1.7695
1.76351
1.75738
1.75557
1.76116
1.77245
1.78354
1.78937
1.78912
1.78484
1.77793
1.76805
1.75455
1.7377
1.71893
1.7011
1.68856
1.68488
1.68995
1.70052
1.71288
1.72409
1.73164
1.73416
1.73272
1.7307
1.73128
1.736
1.74632
1.76458
1.79217
1.82671
1.86144
1.88729
1.89634
1.8849
1.85504
1.81467
1.77556
1.74936
1.74291
1.75588
1.78164
1.81116
1.83676
1.85337
1.85781
1.84822
1.82521
1.79432
1.76561
1.74671
1.7363
1.72825
1.71936
1.71089
1.70574
1.70609
1.71247
1.72404
1.73955
1.75801
1.7783
1.79835
1.81522
1.82701
1.83472
1.84139
1.84829
1.85394
1.85716
1.85894
1.86064
1.86207
1.86145
1.85631
1.84385
1.8215
1.78828
1.74599
1.69934
1.65464
1.61746
1.59089
1.57573
1.57238
1.58223
1.60607
1.64087
1.6799
1.71657
1.74684
1.7688
1.78173
1.78541
1.77978
1.76511
1.74261
1.71523
1.68773
1.66598
1.65593
1.66174
1.68337
1.71534
1.74879
1.77503
1.78817
1.78619
1.7707
1.74602
1.71763
1.69098
1.67109
1.66268
1.66943
1.69151
1.7239
1.75886
1.78998
1.81407
1.83005
1.83705
1.83378
1.81971
1.79665
1.76982
1.7475
1.73786
1.74377
1.76079
1.78082
1.79705
1.80598
1.80705
1.8014
1.79062
1.77609
1.75916
1.74286
1.73352
1.73852
1.75971
1.79071
1.82266
1.85016
1.87197
1.88863
1.90045
1.90731
1.90947
1.90756
1.90161
1.89093
1.87493
1.85367
1.82734
1.79639
1.76268
1.72986
1.70283
1.68612
1.68171
1.68781
1.69947
1.71032
1.7145
1.7086
1.69213
1.66695
1.63668
1.60703
1.58577
1.58002
1.59135
1.61362
1.63717
1.65485
1.66476
1.66957
1.67368
1.67993
1.68826
1.69666
1.70393
1.71176
1.72361
1.74071
1.75961
1.77495
1.78384
1.78625
1.78297
1.77486
1.76414
1.75484
1.75122
1.7551
1.76407
1.77258
1.77545
1.77046
1.7584
1.74118
1.72072
1.69906
1.67889
1.66323
1.65457
1.65376
1.65959
1.66954
1.68191
1.69666
1.71333
1.72894
1.73984
1.74452
1.74395
1.74013
1.73483
1.72935
1.72524
1.72509
1.73153
1.74493
1.76273
1.7811
1.79709
1.80956
1.81924
1.82791
1.83712
1.84743
1.85863
1.87056
1.8834
1.89734
1.91214
1.92705
1.9409
1.95198
1.95787
1.95578
1.94351
1.92056
1.88843
1.84998
1.80911
1.77038
1.73765
1.71228
1.69408
1.68375
1.68284
1.69244
1.71299
1.7443
1.78364
1.82466
1.85965
1.88321
1.8938
1.89284
1.88281
1.86649
1.84806
1.83355
1.82808
1.83167
1.83878
1.84214
1.83686
1.82191
1.79945
1.77338
1.74753
1.72434
1.70458
1.68865
1.67772
1.67331
1.67595
1.68489
1.69913
1.71776
1.73918
1.761
1.78077
1.7968
1.80774
1.81205
1.80864
1.79853
1.78527
1.77268
1.76205
1.75239
1.74322
1.73592
1.73245
1.73365
1.73815
1.74309
1.7461
1.74732
1.74985
1.75775
1.77292
1.79336
1.81437
1.83188
1.84525
1.85668
1.86754
1.87602
1.87824
1.87086
1.85302
1.82694
1.88365
1.8636
1.84453
1.82579
1.80313
1.77306
1.73746
1.70493
1.68599
1.68523
1.69867
1.71892
1.74011
1.75844
1.77107
1.77591
1.77282
1.7644
1.75467
1.74606
1.73764
1.72669
1.71214
1.6963
1.68347
1.67667
1.67528
1.67556
1.67353
1.66818
1.66222
1.66051
1.66832
1.68929
1.72184
1.75833
1.78917
1.80735
1.81037
1.80021
1.78253
1.7651
1.75536
1.75819
1.77496
1.8035
1.8383
1.87181
1.89769
1.91389
1.9223
1.92599
1.92704
1.92669
1.92649
1.92864
1.93427
1.9414
1.94532
1.94147
1.92815
1.90682
1.88003
1.84925
1.81512
1.77997
1.74943
1.7283
1.71518
1.70579
1.69895
1.6954
1.69435
1.69354
1.69144
1.68888
1.68919
1.69643
1.71227
1.73455
1.75879
1.78015
1.79471
1.80072
1.79907
1.79254
1.78417
1.77595
1.7685
1.76146
1.75361
1.74297
1.72774
1.7082
1.68871
1.67821
1.68671
1.71599
1.75517
1.79005
1.81303
1.82319
1.82236
1.81242
1.79443
1.77048
1.74836
1.74203
1.75855
1.78849
1.81734
1.83707
1.84583
1.84512
1.83841
1.83005
1.82322
1.81784
1.81115
1.80065
1.78654
1.77127
1.7572
1.74439
1.73057
1.71407
1.69651
1.68243
1.67698
1.68305
1.69936
1.72129
1.7436
1.76304
1.77907
1.79283
1.80503
1.81447
1.81879
1.81707
1.8115
1.80647
1.80588
1.8112
1.82159
1.83472
1.84635
1.85114
1.84649
1.8354
1.82518
1.8237
1.83593
1.86165
1.89546
1.92933
1.95603
1.97123
1.97396
1.96657
1.95456
1.94551
1.94591
1.95686
1.97306
1.98618
1.98961
1.98072
1.96123
1.937
1.91576
1.90244
1.89699
1.89754
1.90362
1.91533
1.93092
1.94607
1.95539
1.95403
1.93855
1.90831
1.86802
1.82872
1.80084
1.78484
1.77397
1.76408
1.75592
1.75187
1.75351
1.76133
1.77502
1.79343
1.81437
1.83478
1.85106
1.8597
1.85789
1.84455
1.8219
1.7967
1.77821
1.77191
1.77512
1.78026
1.78125
1.77662
1.76885
1.76231
1.7616
1.77075
1.79142
1.82009
1.84805
1.8657
1.86747
1.85364
1.8294
1.80238
1.77902
1.76165
1.74944
1.74233
1.74316
1.75554
1.78025
1.81399
1.85096
1.88545
1.91324
1.93184
1.93983
1.93587
1.91874
1.88861
1.84904
1.80779
1.77469
1.757
1.75617
1.76834
1.7869
1.80535
1.81952
1.82849
1.83419
1.83998
1.84925
1.8638
1.8824
1.90002
1.90916
1.90306
1.87904
1.84079
1.79882
1.76746
1.75806
1.77278
1.8043
1.84079
1.87147
1.88982
1.89421
1.88711
1.87322
1.85727
1.84222
1.82895
1.81723
1.80685
1.79788
1.79024
1.78339
1.77697
1.77161
1.76883
1.76986
1.77463
1.78164
1.78863
1.79365
1.79586
1.79618
1.79701
1.80067
1.80761
1.81677
1.82722
1.83924
1.8537
1.87088
1.89008
1.90968
1.92723
1.93949
1.94401
1.94149
1.93501
1.92485
1.90669
1.87664
1.83622
1.79248
1.75501
1.73156
1.72483
1.73297
1.75246
1.78009
1.81346
1.85031
1.88758
1.92094
1.94556
1.95789
1.95693
1.94453
1.92488
1.90373
1.88741
1.8811
1.8858
1.89655
1.90516
1.90572
1.89737
1.88335
1.86864
1.85801
1.85481
1.85982
1.87081
1.88369
1.89456
1.90107
1.90245
1.89885
1.89133
1.88246
1.8761
1.87577
1.88207
1.89169
1.89949
1.90138
1.89617
1.88587
1.87456
1.86593
1.86119
1.85911
1.85842
1.85973
1.86495
1.87481
1.88727
1.89827
1.90312
1.89701
1.87553
1.83618
1.78016
1.71407
1.6496
1.60064
1.57832
1.5865
1.61966
1.66493
1.70753
1.73584
1.74408
1.73381
1.71482
1.70173
1.70503
1.72487
1.75372
1.78259
1.80528
1.81952
1.82643
1.82922
1.83158
1.8363
1.84443
1.85528
1.86709
1.87837
1.8893
1.90149
1.91598
1.93136
1.94379
1.9484
1.94106
1.92038
1.88947
1.85621
1.82897
1.81022
1.79564
1.77989
1.76113
1.74138
1.72517
1.71786
1.72312
1.74059
1.76577
1.79222
1.81392
1.82611
1.82588
1.81305
1.79052
1.76376
1.73967
1.72436
1.72038
1.7257
1.73667
1.75194
1.77216
1.79586
1.81814
1.83392
1.84153
1.84284
1.84106
1.838
1.83343
1.82667
1.81885
1.81292
1.81104
1.81218
1.81353
1.81363
1.81267
1.81017
1.80408
1.79291
1.7777
1.76125
1.746
1.73288
1.72137
1.71039
1.69866
1.68512
1.66953
1.65419
1.64439
1.64605
1.66173
1.68917
1.72379
1.76127
1.79814
1.83152
1.85896
1.8789
1.89104
1.89652
1.89762
1.89676
1.89554
1.89404
1.8909
1.88404
1.8723
1.85691
1.84139
1.82974
1.82384
1.82207
1.82054
1.81595
1.8075
1.79617
1.78266
1.76718
1.75122
1.73842
1.73353
1.74026
1.75957
1.78931
1.82502
1.86113
1.892
1.91256
1.91873
1.90812
1.88172
1.84542
1.8087
1.77969
1.76106
1.75182
1.75064
1.75624
1.76654
1.77924
1.79238
1.80362
1.81065
1.81307
1.81401
1.8189
1.8315
1.85008
1.86764
1.87657
1.8741
1.864
1.85316
1.84698
1.84834
1.85853
1.87607
1.89513
1.90719
1.90522
1.88639
1.85235
1.80837
1.76238
1.72392
1.70197
1.70185
1.72291
1.75858
1.79919
1.83541
1.86068
1.87297
1.87568
1.87655
1.88294
1.89625
1.9115
1.92281
1.92794
1.92754
1.922
1.91093
1.89497
1.87616
1.85681
1.83836
1.82161
1.80793
1.79992
1.80061
1.81165
1.83151
1.85502
1.87455
1.88271
1.87517
1.85212
1.81873
1.78445
1.7597
1.75018
1.75333
1.7616
1.76928
1.77574
1.78238
1.78801
1.78894
1.78338
1.77393
1.76658
1.76737
1.77895
1.79953
1.82472
1.84975
1.87122
1.88774
1.89948
1.90694
1.91024
1.90914
1.90326
1.89178
1.87357
1.84788
1.81479
1.77607
1.73688
1.70672
1.69462
1.70113
1.71978
1.74564
1.77841
1.81801
1.86045
1.89852
1.92561
1.93807
1.93551
1.9196
1.89309
1.85966
1.82372
1.78923
1.75863
1.73307
1.71318
1.69941
1.69209
1.69145
1.69726
1.70841
1.72275
1.73797
1.75333
1.77116
1.79547
1.82695
1.86047
1.88897
1.90776
1.91475
1.90911
1.89066
1.86158
1.82933
1.80695
1.80623
1.82713
1.85721
1.88287
1.89739
1.89985
1.8918
1.87663
1.85943
1.84487
1.83419
1.82414
1.80953
1.78692
1.75751
1.72771
1.70665
1.7014
1.71309
1.73744
1.76859
1.80192
1.83369
1.85945
1.87355
1.87013
1.84603
1.80702
1.77233
1.76249
1.77979
1.8151
1.86213
1.915
1.96439
2.00089
2.01877
2.01663
1.99724
1.9686
1.9442
1.93657
1.94602
1.96081
1.96866
1.96378
1.94666
1.92177
1.89525
1.87303
1.85907
1.85416
1.85587
1.86013
1.86356
1.86451
1.86234
1.8562
1.84485
1.82757
1.80551
1.7822
1.76215
1.74872
1.74245
1.74104
1.74078
1.73915
1.73653
1.73574
1.73927
1.74653
1.75332
1.75406
1.74538
1.729
1.71188
1.70231
1.70472
1.71787
1.73755
1.75939
1.78014
1.79797
1.81222
1.82338
1.83297
1.84271
1.85317
1.86356
1.87297
1.88117
1.88792
1.89244
1.89389
1.89262
1.89103
1.89276
1.9001
1.91103
1.91935
1.91809
1.90334
1.87601
1.8414
1.80786
1.7848
1.77961
1.7938
1.82151
1.8523
1.87604
1.88635
1.88156
1.86434
1.84037
1.81624
1.79686
1.784
1.77708
1.77519
1.77835
1.78664
1.79816
1.80869
1.81395
1.81253
1.80663
1.80068
1.79825
1.80032
1.80613
1.81542
1.82849
1.84446
1.85987
1.8698
1.87138
1.86654
1.86086
1.85874
1.85975
1.85999
1.8558
1.84567
1.83044
1.81227
1.79371
1.77725
1.76511
1.75858
1.75743
1.75976
1.76293
1.76505
1.76577
1.76617
1.768
1.77307
1.78272
1.79697
1.81431
1.83277
1.85066
1.86582
1.87528
1.87612
1.86681
1.84732
1.81894
1.78419
1.74713
1.71361
1.69076
1.68462
1.69608
1.71986
1.74854
1.77714
1.80459
1.83185
1.85843
1.88056
1.89285
1.89297
1.8856
1.88061
1.88436
1.89317
1.89698
1.88748
1.86239
1.82523
1.7834
1.74567
1.71917
1.70653
1.7051
1.70917
1.71358
1.71622
1.71784
1.71949
1.72151
1.72581
1.73681
1.75702
1.78282
1.80644
1.82099
1.82314
1.81366
1.79717
1.78002
1.76719
1.76073
1.76094
1.76822
1.78278
1.80238
1.82212
1.83761
1.84782
1.85499
1.86208
1.87041
1.87872
1.88442
1.88567
1.88318
1.88139
1.88759
1.90579
1.93038
1.94999
1.95723
1.95224
1.93977
1.92539
1.91305
1.90453
1.8996
1.89653
1.89252
1.88489
1.87218
1.85442
1.83227
1.80637
1.77802
1.75051
1.72956
1.72179
1.73161
1.75858
1.79718
1.83948
1.87873
1.91125
1.93585
1.95196
1.9585
1.95428
1.93885
1.91326
1.88046
1.84727
1.82592
1.82659
1.84467
1.86478
1.87581
1.87531
1.86551
1.84985
1.83163
1.81356
1.79779
1.78619
1.78049
1.78159
1.78868
1.79883
1.80793
1.81225
1.80991
1.80211
1.79323
1.78911
1.79342
1.80497
1.81893
1.83164
1.84388
1.85947
1.88126
1.90848
1.93751
1.96402
1.9841
1.99422
1.99153
1.97552
1.94943
1.92004
1.89534
1.88126
1.87993
1.89037
1.90988
1.93474
1.96056
1.98273
1.99732
2.00198
1.99671
1.98321
1.96386
1.9409
1.91656
1.89286
1.87112
1.85181
1.83521
1.82182
1.81228
1.80706
1.80631
1.81016
1.81891
1.83277
1.85116
1.87196
1.89173
1.90654
1.91311
1.90971
1.89653
1.87562
1.851
1.82822
1.81266
1.80692
1.8098
1.81782
1.82782
1.83819
1.84846
1.85805
1.86527
1.86767
1.86395
1.85566
1.84683
1.84158
1.8423
1.84899
1.85929
1.86884
1.87268
1.86736
1.85259
1.8314
1.89287
1.88804
1.88673
1.88873
1.89289
1.89742
1.90063
1.90123
1.89817
1.8905
1.87728
1.85818
1.83428
1.80837
1.78337
1.7605
1.73961
1.72125
1.70755
1.70164
1.70603
1.72135
1.74639
1.77894
1.81635
1.85563
1.89394
1.92927
1.96068
1.98714
2.00616
2.01329
2.0035
1.974
1.92762
1.8741
1.82577
1.79041
1.76924
1.75925
1.75567
1.75482
1.75531
1.75718
1.76159
1.77106
1.78803
1.8122
1.84003
1.86679
1.88917
1.90624
1.91869
1.92717
1.93085
1.92807
1.9196
1.91112
1.91035
1.92012
1.93611
1.95248
1.9665
1.97721
1.98221
1.97831
1.96481
1.94508
1.92545
1.91255
1.91069
1.92024
1.93753
1.95674
1.97291
1.98389
1.99006
1.99265
1.99229
1.98893
1.98288
1.97539
1.9677
1.95949
1.94883
1.93533
1.92373
1.92111
1.92931
1.94327
1.95631
1.96407
1.96589
1.96529
1.96796
1.97755
1.99252
2.00677
2.01348
2.00947
1.99672
1.98032
1.96563
1.95685
1.95445
1.9537
1.94934
1.94165
1.93688
1.94183
1.9586
1.98322
2.00892
2.03011
2.04411
2.05047
2.04964
2.04206
2.02734
2.00362
1.96823
1.9192
1.85767
1.79343
1.74715
1.73498
1.74934
1.77006
1.7854
1.79449
1.79997
1.80328
1.80486
1.80617
1.80996
1.81884
1.83441
1.85749
1.88741
1.91964
1.94614
1.95947
1.9563
1.9382
1.91057
1.88068
1.85511
1.83774
1.82904
1.82692
1.82804
1.8288
1.82654
1.82096
1.81397
1.80661
1.7962
1.7781
1.75038
1.71684
1.68674
1.67203
1.68235
1.71964
1.77579
1.83558
1.88383
1.91131
1.91643
1.90375
1.88179
1.8603
1.84654
1.84196
1.84231
1.84094
1.83302
1.81818
1.80105
1.7896
1.79204
1.81192
1.84311
1.87177
1.88536
1.87887
1.85535
1.8241
1.79791
1.78925
1.80601
1.84674
1.89936
1.94747
1.9786
1.98731
1.97359
1.94031
1.89232
1.8365
1.7815
1.73656
1.71069
1.71055
1.73555
1.77698
1.82358
1.86601
1.89764
1.91455
1.91573
1.90352
1.88366
1.86414
1.85239
1.85271
1.86498
1.88528
1.90765
1.92638
1.9377
1.9403
1.93504
1.92364
1.90732
1.88575
1.85778
1.82387
1.78853
1.75917
1.74069
1.73209
1.72959
1.73135
1.7385
1.75409
1.78106
1.81895
1.86222
1.90385
1.93928
1.96674
1.98565
1.99579
1.99731
1.99115
1.9788
1.96184
1.94149
1.91852
1.89421
1.87206
1.8581
1.85741
1.86979
1.88918
1.90703
1.9159
1.91201
1.8966
1.87642
1.86175
1.86112
1.87518
1.89596
1.91278
1.91864
1.91197
1.8945
1.86907
1.83946
1.81085
1.78909
1.77844
1.77991
1.79142
1.80889
1.82724
1.8415
1.84817
1.8466
1.84032
1.83584
1.83773
1.84454
1.85163
1.85583
1.85673
1.85566
1.85434
1.85361
1.85294
1.85093
1.84606
1.83706
1.82369
1.80777
1.79331
1.78511
1.7866
1.79897
1.82117
1.84932
1.87702
1.89785
1.90778
1.9055
1.89141
1.86694
1.83434
1.79639
1.7557
1.71511
1.67933
1.65544
1.6496
1.66297
1.69211
1.7327
1.78141
1.83493
1.88868
1.93689
1.97383
1.99555
2.00085
1.99124
1.96948
1.93782
1.89951
1.86467
1.84802
1.85126
1.85937
1.85947
1.85021
1.83664
1.82392
1.81425
1.80675
1.79912
1.78976
1.77859
1.76695
1.757
1.75117
1.75181
1.76075
1.77876
1.80464
1.83496
1.86509
1.89054
1.9077
1.91424
1.90972
1.89619
1.87819
1.86104
1.84776
1.83723
1.82618
1.81321
1.80075
1.79322
1.79347
1.80119
1.8133
1.82423
1.82754
1.81972
1.80262
1.7825
1.76791
1.76776
1.7866
1.81964
1.85644
1.88921
1.91535
1.9341
1.944
1.94366
1.93348
1.9159
1.89435
1.87185
1.84992
1.82776
1.80325
1.77591
1.74958
1.73207
1.73075
1.74771
1.77883
1.81697
1.85571
1.89067
1.91911
1.93883
1.94781
1.94456
1.92911
1.90383
1.8736
1.84515
1.82576
1.82146
1.83404
1.85875
1.8859
1.90602
1.9141
1.91077
1.9009
1.89077
1.88505
1.88518
1.89067
1.90205
1.92121
1.94776
1.97639
1.99901
2.00829
1.99909
1.96889
1.91901
1.85636
1.79384
1.74725
1.72878
1.74117
1.77732
1.82455
1.86968
1.90263
1.91763
1.91272
1.88938
1.85317
1.81499
1.78936
1.78655
1.80488
1.83353
1.86131
1.88152
1.89209
1.89434
1.89195
1.88945
1.89049
1.89666
1.90702
1.91821
1.9251
1.92223
1.90582
1.8756
1.83574
1.79367
1.75626
1.7256
1.6996
1.67766
1.66438
1.6672
1.69001
1.72797
1.7687
1.8002
1.81769
1.82403
1.82559
1.82787
1.83265
1.83766
1.83921
1.83609
1.83119
1.82892
1.83093
1.83454
1.8351
1.82949
1.81886
1.80822
1.80289
1.80457
1.81035
1.81592
1.81945
1.82262
1.82859
1.83916
1.85347
1.86909
1.88418
1.89839
1.91239
1.92698
1.94229
1.95718
1.96869
1.97214
1.96273
1.93859
1.90377
1.86865
1.8448
1.83683
1.84062
1.8502
1.86303
1.87926
1.89863
1.91871
1.93507
1.94366
1.94421
1.94094
1.93834
1.93694
1.93435
1.92957
1.92353
1.91563
1.90322
1.88521
1.86394
1.84414
1.83245
1.83527
1.85291
1.87647
1.89381
1.89813
1.89059
1.87752
1.86621
1.86113
1.86222
1.86659
1.87167
1.87627
1.87955
1.87997
1.87575
1.86694
1.85739
1.85401
1.86239
1.88314
1.91198
1.94169
1.96396
1.97135
1.95946
1.92826
1.88178
1.8266
1.77057
1.72212
1.68904
1.67641
1.68444
1.7085
1.74159
1.77687
1.80877
1.83338
1.84906
1.85639
1.85768
1.85673
1.85859
1.8687
1.89047
1.92282
1.95956
1.99143
2.0098
2.01123
2.00061
1.9875
1.97628
1.96333
1.94524
1.92438
1.90762
1.90194
1.90962
1.92557
1.94035
1.94556
1.93685
1.91437
1.88293
1.85165
1.82961
1.82022
1.82273
1.83628
1.85814
1.88208
1.90165
1.91401
1.91978
1.92049
1.91653
1.9072
1.89231
1.87351
1.85447
1.83919
1.82972
1.82575
1.82653
1.83147
1.83898
1.84645
1.85045
1.84583
1.82741
1.79588
1.76255
1.74579
1.7574
1.79304
1.83907
1.88356
1.91976
1.94478
1.95743
1.95674
1.94177
1.91254
1.87169
1.82653
1.78863
1.76818
1.7688
1.78926
1.82524
1.86678
1.90094
1.91962
1.92335
1.91876
1.91307
1.90987
1.90854
1.90675
1.90358
1.90062
1.90071
1.90595
1.91613
1.92905
1.94251
1.95583
1.9688
1.97963
1.98424
1.97775
1.95663
1.92072
1.8754
1.83281
1.80857
1.81229
1.84007
1.87859
1.91448
1.93887
1.9475
1.94032
1.92085
1.89551
1.87295
1.8623
1.86962
1.89446
1.92935
1.96246
1.98167
1.97889
1.95305
1.91083
1.86458
1.82808
1.81061
1.8125
1.82704
1.84708
1.86929
1.89312
1.91778
1.94074
1.95904
1.97124
1.97776
1.97902
1.97405
1.96091
1.93878
1.90929
1.87627
1.8438
1.81435
1.78791
1.76337
1.74047
1.7215
1.71289
1.72512
1.76509
1.82613
1.89126
1.94543
1.98168
2.00028
2.00609
2.00578
2.00447
2.00389
2.00275
1.99852
1.98899
1.97322
1.95184
1.9271
1.90239
1.88095
1.86425
1.85096
1.83767
1.82085
1.79926
1.77588
1.75822
1.75556
1.77257
1.80424
1.83864
1.8647
1.87705
1.87598
1.86566
1.85236
1.84202
1.83787
1.84016
1.84801
1.86048
1.87599
1.8913
1.90166
1.90264
1.89256
1.87537
1.86262
1.86765
1.89237
1.92609
1.95816
1.98409
2.00276
2.01351
2.01595
2.01114
2.00203
1.99201
1.98275
1.97366
1.96391
1.95394
1.9446
1.93484
1.92069
1.89708
1.86163
1.81824
1.77691
1.74759
1.73281
1.72742
1.72517
1.72291
1.71994
1.71594
1.71057
1.70425
1.69856
1.69562
1.69658
1.70085
1.70621
1.70976
1.70917
1.7041
1.69792
1.69744
1.70793
1.7272
1.74763
1.76338
1.77308
1.77748
1.77722
1.77332
1.76942
1.77281
1.79059
1.82304
1.86239
1.89822
1.92272
1.93196
1.92524
1.90462
1.87458
1.8416
1.81301
1.79558
1.79379
1.80819
1.83524
1.86913
1.90412
1.93552
1.95959
1.97348
1.97546
1.96548
1.94519
1.91793
1.88854
1.86218
1.84223
1.82791
1.81414
1.79397
1.76196
1.71724
1.66588
1.62013
1.59348
1.59529
1.62634
1.67795
1.73884
1.80146
1.85978
1.90648
1.93548
1.94561
1.94114
1.92834
1.91141
1.89097
1.86662
1.84112
1.8213
1.8134
1.8173
1.82676
1.83483
1.83921
1.84337
1.85287
1.87133
1.89919
1.93387
1.96989
2.00016
2.01854
2.0215
2.00841
1.98087
1.94222
1.89726
1.85191
1.81227
1.7833
1.76774
1.76613
1.77738
1.79814
1.82203
1.84111
1.84949
1.84668
1.83814
1.83191
1.8334
1.84265
1.85549
1.86711
1.8752
1.88078
1.88678
1.89547
1.90671
1.9173
1.92141
1.91324
1.89172
1.86459
1.84744
1.85281
1.87697
1.90451
1.924
1.93335
1.93569
1.93441
1.93057
1.92273
1.90866
1.88836
1.86686
1.85354
1.8558
1.8719
1.8923
1.90754
1.91249
1.90542
1.88656
1.85807
1.82445
1.79225
1.76874
1.75935
1.76518
1.78183
1.80105
1.81488
1.82005
1.82006
1.82257
1.83377
1.85402
1.87857
1.90103
1.91615
1.92133
1.91769
1.90977
1.9029
1.90038
1.90268
1.9084
1.91471
1.91698
1.90991
1.89004
1.85746
1.81594
1.77293
1.73854
1.72028
1.71745
1.72332
1.73248
1.74402
1.75975
1.78154
1.80973
1.84282
1.87816
1.91271
1.94344
1.96708
1.98015
1.97971
1.96453
1.93613
1.89908
1.86014
1.82647
1.80398
1.79621
1.80374
1.82414
1.85311
1.8862
1.91992
1.95164
1.97915
2.00038
2.01379
2.01924
2.01896
2.0167
2.01439
2.00961
