-6.36253
-6.3548
-6.34106
-6.31926
-6.28677
-6.24207
-6.1862
-6.11507
-6.02672
-5.92019
-5.79419
-5.65059
-5.49911
-5.34912
-5.21276
-5.10069
-5.02094
-4.97484
-4.95865
-4.96533
-4.99001
-5.02126
-5.05554
-5.08806
-5.11466
-5.13417
-5.14641
-5.15243
-5.15632
-5.15886
-5.15985
-5.16124
-5.16173
-5.1587
-5.15082
-5.13596
-5.11359
-5.08578
-5.05466
-5.02526
-5.00097
-4.98093
-4.96796
-4.96116
-4.95919
-4.962
-4.97014
-4.98309
-4.99963
-5.01751
-5.03419
-5.04663
-5.05341
-5.05424
-5.04915
-5.03759
-5.02479
-5.0117
-5.00241
-4.99691
-4.99574
-4.99776
-5.00223
-5.00822
-5.01556
-5.02337
-5.02952
-5.033
-5.03467
-5.03343
-5.03093
-5.02981
-5.03206
-5.03855
-5.04907
-5.06113
-5.07147
-5.0782
-5.08297
-5.08656
-5.08829
-5.08795
-5.09009
-5.08876
-5.08511
-5.08054
-5.07569
-5.07204
-5.07216
-5.07295
-5.0762
-5.08027
-5.08497
-5.08989
-5.09357
-5.09352
-5.09097
-5.08402
-5.07473
-5.06112
-5.0443
-5.02451
-5.00217
-4.97902
-4.95518
-4.93325
-4.91593
-4.90558
-4.90496
-4.9147
-4.93312
-4.95817
-4.98729
-5.01479
-5.03662
-5.05278
-5.06188
-5.06466
-5.06017
-5.05181
-5.04251
-5.03202
-5.02525
-5.01962
-5.01491
-5.01028
-5.00554
-5.0022
-5.00169
-5.00579
-5.01674
-5.032
-5.04982
-5.0706
-5.09274
-5.11463
-5.13095
-5.14339
-5.15005
-5.15243
-5.15142
-5.15007
-5.15042
-5.15181
-5.15298
-5.1513
-5.14581
-5.13668
-5.12742
-5.11902
-5.11612
-5.11669
-5.12178
-5.12688
-5.1277
-5.12497
-5.11505
-5.09939
-5.07875
-5.05746
-5.04098
-5.03244
-5.03655
-5.05009
-5.06451
-5.07447
-5.07928
-5.08131
-5.08387
-5.08947
-5.09866
-5.10977
-5.12163
-5.13447
-5.14582
-5.15732
-5.16837
-5.17991
-5.18654
-5.18741
-5.17759
-5.16051
-5.13891
-5.11689
-5.1004
-5.09503
-5.09961
-5.11143
-5.12445
-5.13763
-5.14656
-5.15278
-5.1565
-5.156
-5.15038
-5.14025
-5.124
-5.10196
-5.0754
-5.04747
-5.01883
-4.99079
-4.96611
-4.94755
-4.93515
-4.93153
-4.93616
-4.94733
-4.96575
-4.99085
-5.02299
-5.05846
-5.09571
-5.13178
-5.16332
-5.18993
-5.20852
-5.21823
-5.22129
-5.21641
-5.20681
-5.19206
-5.17531
-5.15898
-5.13992
-5.12196
-5.10527
-5.09178
-5.08215
-5.07699
-5.07816
-5.08325
-5.09532
-5.11182
-5.13034
-5.14938
-5.16715
-5.17989
-5.18762
-5.18948
-5.18587
-5.17842
-5.1669
-5.15422
-5.1427
-5.13746
-5.1384
-5.14613
-5.16097
-5.17698
-5.19539
-5.20994
-5.21992
-5.22655
-5.22604
-5.21668
-5.20034
-5.18225
-5.1636
-5.14511
-5.12802
-5.11054
-5.09246
-5.07435
-5.05718
-5.04252
-5.03124
-5.023
-5.01907
-5.01834
-5.02071
-5.02419
-5.0269
-5.02752
-5.02383
-5.01469
-5.00182
-4.98511
-4.96961
-4.95736
-4.95357
-4.96167
-4.98185
-5.01043
-5.04431
-5.07568
-5.10118
-5.11423
-5.11446
-5.10554
-5.09051
-5.07415
-5.05895
-5.05176
-5.05244
-5.0619
-5.07742
-5.09244
-5.10685
-5.11846
-5.12577
-5.12883
-5.12593
-5.11811
-5.1063
-5.09218
-5.07747
-5.06435
-5.05141
-5.03994
-5.02978
-5.02526
-5.02931
-5.0446
-5.06729
-5.09429
-5.11839
-5.13543
-5.14345
-5.1405
-5.12915
-5.11187
-5.09327
-5.07694
-5.06725
-5.06515
-5.07053
-5.0801
-5.08986
-5.09622
-5.09605
-5.0858
-5.0681
-5.04442
-5.01743
-4.99248
-4.97307
-4.96155
-4.95796
-4.96364
-4.97494
-4.99287
-5.01389
-5.03608
-5.05368
-5.06711
-5.07034
-5.066
-5.05473
-5.04116
-5.03082
-5.02782
-5.03307
-5.04364
-5.05468
-5.06157
-5.06621
-5.0693
-5.0718
-5.07648
-5.08423
-5.09412
-5.10493
-5.11418
-5.12048
-5.1264
-5.12843
-5.12982
-5.12929
-5.12755
-5.12543
-5.12429
-5.12449
-5.12705
-5.13032
-5.13422
-5.13689
-5.13781
-5.13741
-5.13547
-5.13167
-5.12814
-5.12437
-5.12307
-5.12146
-5.12006
-5.11747
-5.11443
-5.11127
-5.10515
-5.09718
-5.09093
-5.0851
-5.07963
-5.07761
-5.07821
-5.07864
-5.07824
-5.07689
-5.07313
-5.0731
-5.0774
-5.08449
-5.09494
-5.1047
-5.11318
-5.11886
-5.12343
-5.12568
-5.12576
-5.12727
-5.13151
-5.13839
-5.14769
-5.15802
-5.16876
-5.17853
-5.1845
-5.18613
-5.1824
-5.17243
-5.15907
-5.14116
-5.12258
-5.10357
-5.08851
-5.07814
-5.07263
-5.07182
-5.075
-5.08173
-5.09014
-5.09627
-5.10069
-5.1014
-5.10025
-5.09878
-5.0976
-5.09911
-5.10302
-5.10761
-5.11102
-5.11165
-5.10533
-5.09061
-5.0697
-5.04583
-5.02714
-5.01683
-5.01905
-5.03179
-5.0518
-5.07623
-5.10425
-5.13396
-5.16424
-5.19431
-5.22259
-5.24613
-5.26459
-5.27536
-5.27953
-5.2774
-5.26794
-5.25157
-5.22869
-5.19933
-5.16711
-5.13419
-5.10265
-5.07664
-5.05792
-5.04724
-5.04165
-5.04174
-5.04721
-5.05794
-5.07467
-5.09914
-5.12405
-5.14748
-5.16321
-5.16745
-5.16221
-5.14837
-5.13661
-5.13172
-5.13831
-5.15301
-5.17225
-5.19062
-5.20349
-5.20688
-5.20034
-5.18643
-5.16761
-5.14638
-5.12581
-5.10879
-5.09986
-5.09797
-5.10332
-5.11203
-5.12274
-5.13103
-5.13528
-5.13508
-5.12968
-5.11852
-5.10153
-5.08043
-5.05564
-5.03318
-5.01858
-5.01562
-5.02716
-5.04966
-5.07858
-5.11346
-5.14688
-5.17864
-5.20542
-5.22717
-5.24478
-5.26021
-5.27325
-5.28391
-5.29082
-5.29065
-5.2821
-5.26606
-5.24319
-5.21492
-5.18295
-5.14782
-5.11284
-5.08126
-5.05361
-5.03282
-5.01911
-5.01303
-5.01402
-5.01773
-5.02403
-5.03065
-5.03843
-5.04909
-5.06266
-5.07936
-5.09373
-5.10572
-5.112
-5.11056
-5.10108
-5.08467
-5.06503
-5.0425
-5.02387
-5.00802
-4.99395
-4.98151
-4.96946
-4.95861
-4.95301
-4.95454
-4.96601
-4.98641
-5.01122
-5.04145
-5.07036
-5.09572
-5.11402
-5.12537
-5.12772
-5.12187
-5.11005
-5.0953
-5.08125
-5.07099
-5.06594
-5.06327
-5.06071
-5.05764
-5.05108
-5.04127
-5.02822
-5.01274
-4.99526
-4.97549
-4.95708
-4.94168
-4.93362
-4.9379
-4.9531
-4.97454
-4.99726
-5.01777
-5.03576
-5.04972
-5.06202
-5.07475
-5.08865
-5.10187
-5.11348
-5.12231
-5.12644
-5.12662
-5.12521
-5.12199
-5.1168
-5.11079
-5.10368
-5.09721
-5.08683
-5.07504
-5.06248
-5.05095
-5.04327
-5.0414
-5.04645
-5.05808
-5.07452
-5.08953
-5.10052
-5.1052
-5.0995
-5.0805
-5.05237
-5.01721
-4.98196
-4.9529
-4.93375
-4.92293
-4.91927
-4.9215
-4.92675
-4.93606
-4.95018
-4.9684
-4.99083
-5.01654
-5.04408
-5.0703
-5.09465
-5.11504
-5.12864
-5.13401
-5.13009
-5.11567
-5.09318
-5.06551
-5.04051
-5.02334
-5.0189
-5.02769
-5.0478
-5.07666
-5.10896
-5.14169
-5.16774
-5.18563
-5.19315
-5.19092
-5.17973
-5.16143
-5.14043
-5.1219
-5.11022
-5.10563
-5.10942
-5.11823
-5.12767
-5.13681
-5.14209
-5.14495
-5.14839
-5.15333
-5.15865
-5.16044
-5.15696
-5.14586
-5.12493
-5.09823
-5.06876
-5.04425
-5.02635
-5.01992
-5.02501
-5.03875
-5.05989
-5.08239
-5.10228
-5.11762
-5.12455
-5.12382
-5.11574
-5.10185
-5.08526
-5.07105
-5.06228
-5.06214
-5.06883
-5.08379
-5.10528
-5.12753
-5.14938
-5.16725
-5.1809
-5.18665
-5.18489
-5.17455
-5.15562
-5.13118
-5.10148
-5.07008
-5.03796
-5.00864
-4.9831
-4.9658
-4.95679
-4.95619
-4.9593
-4.96545
-4.97151
-4.97753
-4.98253
-4.98869
-4.99682
-5.01003
-5.02112
-5.03172
-5.03823
-5.04227
-5.05085
-5.06488
-5.08492
-5.10997
-5.13282
-5.14898
-5.15415
-5.14746
-5.12901
-5.10133
-5.07001
-5.04167
-5.02306
-5.02022
-5.0332
-5.05735
-5.08744
-5.11869
-5.14926
-5.17323
-5.19133
-5.20517
-5.21476
-5.22151
-5.22605
-5.22892
-5.22632
-5.21788
-5.20151
-5.17717
-5.14525
-5.10608
-5.06099
-5.01347
-4.96904
-4.93453
-4.90987
-4.89895
-4.89815
-4.90271
-4.90983
-4.91856
-4.92706
-4.93651
-4.94878
-4.9651
-4.98739
-5.0161
-5.04904
-5.08542
-5.11993
-5.14968
-5.17292
-5.18717
-5.19195
-5.18984
-5.17969
-5.16137
-5.13869
-5.11307
-5.0894
-5.06778
-5.05135
-5.03629
-5.02263
-5.00924
-4.99619
-4.98824
-4.98217
-4.98104
-4.98371
-4.98926
-4.99584
-5.00058
-5.00467
-5.00581
-5.00474
-5.00338
-5.00707
-5.0175
-5.03576
-5.05884
-5.08366
-5.10651
-5.12391
-5.13654
-5.14606
-5.15187
-5.15615
-5.15802
-5.15868
-5.15952
-5.15983
-5.16018
-5.16248
-5.1656
-5.16985
-5.17351
-5.17654
-5.17736
-5.17623
-5.17402
-5.16988
-5.16699
-5.16597
-5.16766
-5.17036
-5.17428
-5.1785
-5.18155
-5.18277
-5.17967
-5.1713
-5.15775
-5.14041
-5.12115
-5.10222
-5.08361
-5.06634
-5.04868
-5.02923
-5.0122
-5.00294
-5.00747
-5.02307
-5.04566
-5.06752
-5.08779
-5.10368
-5.11785
-5.12953
-5.13798
-5.14131
-5.1413
-5.13716
-5.12726
-5.11374
-5.09613
-5.07435
-5.05121
-5.02966
-5.01429
-5.00796
-5.01115
-5.02206
-5.0346
-5.04442
-5.04576
-5.03906
-5.02577
-5.00777
-4.98984
-4.97543
-4.96588
-4.96176
-4.96354
-4.97388
-4.99333
-5.02194
-5.05641
-5.09421
-5.13223
-5.16606
-5.19376
-5.21282
-5.2222
-5.22602
-5.22292
-5.21099
-5.19379
-5.16973
-5.14008
-5.10645
-5.07386
-5.04379
-5.02069
-5.00275
-4.99135
-4.98711
-4.99082
-4.99746
-5.00853
-5.01933
-5.03211
-5.04345
-5.05545
-5.0669
-5.07802
-5.08893
-5.10009
-5.11122
-5.11996
-5.12698
-5.12737
-5.12235
-5.11239
-5.102
-5.09595
-5.09786
-5.10656
-5.12088
-5.13617
-5.14557
-5.14642
-5.13832
-5.12389
-5.10632
-5.08652
-5.06628
-5.0486
-5.03779
-5.0369
-5.04768
-5.06902
-5.09893
-5.12844
-5.14994
-5.16296
-5.16597
-5.15814
-5.14066
-5.11748
-5.08931
-5.05664
-5.02254
-4.9869
-4.9513
-4.92079
-4.89758
-4.88153
-4.8726
-4.87144
-4.87521
-4.88603
-4.90057
-4.91816
-4.93501
-4.95156
-4.96573
-4.98132
-4.99666
-5.01285
-5.02754
-5.04233
-5.05561
-5.06933
-5.08082
-5.08874
-5.09036
-5.08382
-5.06813
-5.04661
-5.02358
-5.00732
-5.00143
-5.00657
-5.02073
-5.03932
-5.05572
-5.06865
-5.07685
-5.0851
-5.09316
-5.10339
-5.113
-5.12116
-5.12377
-5.10647
-5.07447
-5.03281
-4.98463
-4.93683
-4.88797
-4.83946
-4.79159
-4.74176
-4.69635
-4.65899
-4.63358
-4.61813
-4.60557
-4.59488
-4.58043
-4.5629
-4.54272
-4.52332
-4.51551
-4.52593
-4.55525
-4.58972
-4.61436
-4.6207
-4.60415
-4.57043
-4.53057
-4.4958
-4.4799
-4.49188
-4.53297
-4.59674
-4.66606
-4.72264
-4.75799
-4.76755
-4.7551
-4.72858
-4.6904
-4.65127
-4.61559
-4.58845
-4.56931
-4.55283
-4.54337
-4.54285
-4.55676
-4.58148
-4.60586
-4.62134
-4.62153
-4.61141
-4.59602
-4.58544
-4.57664
-4.56825
-4.55905
-4.5502
-4.54168
-4.53205
-4.51853
-4.50911
-4.50837
-4.51876
-4.53475
-4.55093
-4.56447
-4.57889
-4.59563
-4.61482
-4.6311
-4.63931
-4.63775
-4.63465
-4.63792
-4.65019
-4.66833
-4.69063
-4.71892
-4.75283
-4.79175
-4.82559
-4.84935
-4.85594
-4.84315
-4.81181
-4.7649
-4.70997
-4.66043
-4.62904
-4.62604
-4.64611
-4.68259
-4.72667
-4.76972
-4.80667
-4.83015
-4.83349
-4.8156
-4.78003
-4.73038
-4.67663
-4.62716
-4.59108
-4.57248
-4.57529
-4.59542
-4.62774
-4.66463
-4.70067
-4.73024
-4.75112
-4.76192
-4.76657
-4.76492
-4.76016
-4.75429
-4.74803
-4.73986
-4.73166
-4.72354
-4.71426
-4.70369
-4.69052
-4.67475
-4.65597
-4.63797
-4.62132
-4.60685
-4.59612
-4.58897
-4.59275
-4.61154
-4.64215
-4.67852
-4.71099
-4.72983
-4.73547
-4.72656
-4.70592
-4.67625
-4.64525
-4.62796
-4.6366
-4.6722
-4.72548
-4.77861
-4.81556
-4.83224
-4.81951
-4.77531
-4.70338
-4.61271
-4.52111
-4.44587
-4.40471
-4.40178
-4.42907
-4.4723
-4.52405
-4.57289
-4.61046
-4.6243
-4.6101
-4.57945
-4.55321
-4.54229
-4.54441
-4.54668
-4.54683
-4.54826
-4.55553
-4.57105
-4.59271
-4.61534
-4.6315
-4.63759
-4.63287
-4.62213
-4.61068
-4.60396
-4.60439
-4.61181
-4.62572
-4.64085
-4.65451
-4.66239
-4.66095
-4.64969
-4.63089
-4.60379
-4.57727
-4.55251
-4.53248
-4.51846
-4.50889
-4.50176
-4.4975
-4.49814
-4.5023
-4.51316
-4.52409
-4.52669
-4.51643
-4.49624
-4.46795
-4.44348
-4.42896
-4.42971
-4.44734
-4.47934
-4.51862
-4.5529
-4.57152
-4.56696
-4.53897
-4.49814
-4.45874
-4.43297
-4.42889
-4.44337
-4.46681
-4.49257
-4.51541
-4.53852
-4.55962
-4.58216
-4.60546
-4.62841
-4.64897
-4.66365
-4.66609
-4.65576
-4.63195
-4.59954
-4.56397
-4.53211
-4.50985
-4.49899
-4.50028
-4.50478
-4.5094
-4.51084
-4.5123
-4.52166
-4.55191
-4.60429
-4.66639
-4.71742
-4.75101
-4.76353
-4.75824
-4.74603
-4.73519
-4.73181
-4.73585
-4.74278
-4.74535
-4.73848
-4.7216
-4.69808
-4.67716
-4.66199
-4.654
-4.65209
-4.65374
-4.65902
-4.6681
-4.68241
-4.70041
-4.71935
-4.73832
-4.75171
-4.75847
-4.75267
-4.73402
-4.70364
-4.66434
-4.61902
-4.58095
-4.55885
-4.55272
-4.56145
-4.57212
-4.57992
-4.58326
-4.5873
-4.60026
-4.62608
-4.66498
-4.71063
-4.75767
-4.79751
-4.82762
-4.84749
-4.85811
-4.86358
-4.86524
-4.86493
-4.86143
-4.85427
-4.84558
-4.83487
-4.82262
-4.80743
-4.79021
-4.77595
-4.76698
-4.76425
-4.76795
-4.77924
-4.79569
-4.81321
-4.82512
-4.82604
-4.81651
-4.79635
-4.76843
-4.7385
-4.71226
-4.69654
-4.69487
-4.70505
-4.72083
-4.7391
-4.75299
-4.75791
-4.75335
-4.7387
-4.71596
-4.68963
-4.6642
-4.6434
-4.63047
-4.62657
-4.62696
-4.63073
-4.634
-4.63579
-4.63554
-4.63898
-4.64501
-4.65621
-4.6728
-4.6925
-4.71134
-4.72536
-4.72925
-4.72142
-4.69917
-4.66447
-4.62397
-4.58241
-4.54574
-4.52333
-4.51729
-4.52671
-4.55022
-4.58206
-4.61737
-4.6534
-4.68523
-4.71268
-4.72906
-4.7285
-4.7084
-4.67057
-4.62176
-4.57048
-4.53041
-4.50977
-4.51022
-4.52608
-4.54695
-4.56774
-4.58485
-4.59651
-4.60294
-4.60329
-4.59672
-4.58052
-4.55554
-4.52291
-4.48864
-4.45968
-4.44523
-4.457
-4.49892
-4.56103
-4.62305
-4.66824
-4.6876
-4.68237
-4.65493
-4.61181
-4.56172
-4.51545
-4.48308
-4.4654
-4.46166
-4.46453
-4.46503
-4.45938
-4.45015
-4.44313
-4.44516
-4.46301
-4.49894
-4.54506
-4.59665
-4.63882
-4.67017
-4.69078
-4.7047
-4.71511
-4.71977
-4.71611
-4.70325
-4.68258
-4.65694
-4.62587
-4.58814
-4.54995
-4.52055
-4.50617
-4.50173
-4.49811
-4.49341
-4.48609
-4.47984
-4.4757
-4.4789
-4.49395
-4.52448
-4.56633
-4.61006
-4.64965
-4.67652
-4.68675
-4.68149
-4.66009
-4.62793
-4.59028
-4.55573
-4.52958
-4.5185
-4.52375
-4.55004
-4.59562
-4.65385
-4.71969
-4.78569
-4.84655
-4.89734
-4.9344
-4.95428
-4.95638
-4.94257
-4.91708
-4.88241
-4.8422
-4.79927
-4.75353
-4.70885
-4.66596
-4.62439
-4.58157
-4.53845
-4.49698
-4.45962
-4.43496
-4.42205
-4.42665
-4.45488
-4.50812
-4.57834
-4.64699
-4.69813
-4.7228
-4.7208
-4.69773
-4.66091
-4.62216
-4.58464
-4.55899
-4.54776
-4.55348
-4.57554
-4.60505
-4.63282
-4.64976
-4.65127
-4.64219
-4.63114
-4.62578
-4.62626
-4.63177
-4.63485
-4.6308
-4.61627
-4.59051
-4.5593
-4.52633
-4.49267
-4.46746
-4.45234
-4.45113
-4.46275
-4.4815
-4.50188
-4.52058
-4.53776
-4.5549
-4.57025
-4.5873
-4.60164
-4.61191
-4.61506
-4.60945
-4.59589
-4.58119
-4.57474
-4.58197
-4.6061
-4.63663
-4.65891
-4.6597
-4.63311
-4.58251
-4.51915
-4.46042
-4.42897
-4.43544
-4.47755
-4.54195
-4.61218
-4.6717
-4.71367
-4.73943
-4.75235
-4.7558
-4.75299
-4.74528
-4.73252
-4.71325
-4.69025
-4.66836
-4.65088
-4.63904
-4.63439
-4.63848
-4.64584
-4.65071
-4.65357
-4.65609
-4.66269
-4.6768
-4.69462
-4.71199
-4.72461
-4.72838
-4.72349
-4.71383
-4.70344
-4.69797
-4.69759
-4.70363
-4.70824
-4.70451
-4.68947
-4.6587
-4.61718
-4.57053
-4.53065
-4.50607
-4.49982
-4.51311
-4.5432
-4.58325
-4.62563
-4.66457
-4.70233
-4.7356
-4.77026
-4.80043
-4.82111
-4.82789
-4.8198
-4.80322
-4.78923
-4.78901
-4.80391
-4.8263
-4.84276
-4.8467
-4.83589
-4.81333
-4.78275
-4.75027
-4.71875
-4.69071
-4.67003
-4.65678
-4.65418
-4.66057
-4.66984
-4.67634
-4.67356
-4.66173
-4.64875
-4.63897
-4.63879
-4.64704
-4.65717
-4.66515
-4.66811
-4.66655
-4.66785
-4.66982
-4.67146
-4.67219
-4.67073
-4.66376
-4.6532
-4.63574
-4.62184
-4.62296
-4.6432
-4.67726
-4.71388
-4.74425
-4.76786
-4.78558
-4.79797
-4.80448
-4.80868
-4.80985
-4.80903
-4.80214
-4.78471
-4.75545
-4.71009
-4.65782
-4.60473
-4.56064
-4.53504
-4.52773
-4.53798
-4.55616
-4.57601
-4.58962
-4.59412
-4.58992
-4.58103
-4.57
-4.56476
-4.561
-4.55558
-4.54551
-4.53638
-4.53408
-4.54464
-4.57099
-4.60722
-4.64036
-4.66027
-4.6535
-4.61632
-4.56101
-4.51062
-4.47503
-4.44698
-4.42107
-4.40064
-4.39624
-4.4169
-4.46091
-4.51892
-4.58079
-4.64102
-4.69519
-4.74174
-4.77971
-4.80413
-4.81379
-4.80777
-4.78771
-4.76129
-4.73611
-4.71585
-4.70287
-4.69564
-4.69313
-4.69332
-4.69677
-4.69801
-4.69518
-4.68474
-4.66647
-4.64112
-4.61094
-4.5789
-4.55071
-4.52855
-4.51261
-4.50667
-4.51059
-4.52971
-4.56459
-4.61355
-4.67148
-4.72974
-4.77916
-4.81704
-4.83798
-4.84494
-4.84331
-4.83798
-4.83121
-4.82397
-4.81068
-4.79001
-4.76105
-4.72589
-4.69408
-4.67253
-4.66479
-4.67195
-4.69319
-4.72715
-4.76736
-4.80704
-4.84098
-4.86502
-4.87331
-4.86455
-4.83708
-4.79673
-4.75269
-4.71852
-4.70112
-4.69911
-4.70697
-4.72059
-4.73458
-4.74457
-4.7447
-4.73431
-4.71461
-4.69231
-4.67734
-4.67264
-4.67285
-4.67494
-4.67132
-4.66081
-4.64258
-4.6182
-4.5969
-4.58131
-4.5715
-4.56548
-4.56005
-4.55465
-4.5495
-4.5448
-4.5398
-4.53545
-4.53473
-4.54097
-4.55622
-4.58028
-4.61028
-4.6385
-4.66415
-4.68076
-4.6888
-4.68913
-4.68224
-4.67381
-4.6659
-4.65861
-4.64797
-4.63172
-4.6068
-4.57606
-4.53945
-4.50063
-4.46418
-4.44073
-4.43615
-4.45426
-4.49013
-4.5375
-4.58894
-4.63565
-4.67299
-4.6972
-4.71025
-4.71502
-4.713
-4.70823
-4.70246
-4.69801
-4.69597
-4.69408
-4.69045
-4.68352
-4.67063
-4.65149
-4.62576
-4.59548
-4.56588
-4.54147
-4.52908
-4.5338
-4.55167
-4.58087
-4.61504
-4.65041
-4.68894
-4.72389
-4.75149
-4.76531
-4.7673
-4.75515
-4.73645
-4.71218
-4.6858
-4.66467
-4.65362
-4.66109
-4.68544
-4.71763
-4.74084
-4.74509
-4.72643
-4.6845
-4.62473
-4.55359
-4.4847
-4.43254
-4.41233
-4.42072
-4.45099
-4.49229
-4.53389
-4.57264
-4.60349
-4.6231
-4.63335
-4.63639
-4.63553
-4.63165
-4.624
-4.61599
-4.60706
-4.60317
-4.60649
-4.61686
-4.6283
-4.63941
-4.65103
-4.66686
-4.69022
-4.71504
-4.73365
-4.74145
-4.74211
-4.74382
-4.75099
-4.7692
-4.79276
-4.81543
-4.82916
-4.82703
-4.80631
-4.7732
-4.74302
-4.72441
-4.71751
-4.71466
-4.70938
-4.70127
-4.69374
-4.68625
-4.68211
-4.68161
-4.68358
-4.68613
-4.69047
-4.69635
-4.69957
-4.70033
-4.69668
-4.68546
-4.66963
-4.646
-4.61753
-4.58494
-4.55639
-4.53986
-4.53915
-4.55644
-4.5832
-4.6073
-4.61939
-4.61408
-4.59221
-4.55624
-4.51603
-4.47504
-4.43772
-4.41152
-4.39867
-4.40001
-4.41274
-4.42903
-4.44446
-4.45504
-4.46167
-4.4671
-4.47605
-4.49419
-4.52473
-4.5671
-4.61843
-4.67261
-4.72784
-4.77646
-4.81571
-4.84711
-4.86759
-4.87413
-4.86656
-4.84683
-4.81551
-4.77607
-4.73562
-4.69665
-4.66535
-4.64417
-4.63365
-4.6317
-4.63502
-4.64254
-4.6514
-4.65792
-4.6587
-4.6477
-4.62309
-4.58926
-4.55236
-4.52379
-4.51583
-4.53104
-4.56151
-4.59567
-4.62726
-4.64477
-4.64532
-4.626
-4.58653
-4.53235
-4.47507
-4.43805
-4.4387
-4.4849
-4.5606
-4.64269
-4.71409
-4.76422
-4.79192
-4.7974
-4.78266
-4.75501
-4.7179
-4.67603
-4.63514
-4.60493
-4.5881
-4.5849
-4.58244
-4.57374
-4.5527
-4.52328
-4.50012
-4.49282
-4.50796
-4.53595
-4.56292
-4.57815
-4.57689
-4.56194
-4.54805
-4.55094
-4.57884
-4.62591
-4.68089
-4.67726
-4.67072
-4.66915
-4.66933
-4.66668
-4.6586
-4.64494
-4.62415
-4.60193
-4.57596
-4.55153
-4.52763
-4.50373
-4.47604
-4.44397
-4.4132
-4.38763
-4.37279
-4.37283
-4.38679
-4.40908
-4.43584
-4.46302
-4.48666
-4.50291
-4.50722
-4.49693
-4.47079
-4.43648
-4.40038
-4.37013
-4.35467
-4.35585
-4.37272
-4.40067
-4.4333
-4.4627
-4.49021
-4.51079
-4.5264
-4.53522
-4.53246
-4.514
-4.47848
-4.43009
-4.3725
-4.31596
-4.26856
-4.23921
-4.23154
-4.24791
-4.2855
-4.33935
-4.40588
-4.47485
-4.5393
-4.58943
-4.61692
-4.6172
-4.58954
-4.54501
-4.4884
-4.43038
-4.38378
-4.35454
-4.34131
-4.33291
-4.32376
-4.31323
-4.30045
-4.28882
-4.28018
-4.27455
-4.27258
-4.27659
-4.28969
-4.31392
-4.34547
-4.38277
-4.42548
-4.4746
-4.5217
-4.55617
-4.57076
-4.57188
-4.56686
-4.56669
-4.57511
-4.59086
-4.6029
-4.60326
-4.59272
-4.57648
-4.56074
-4.55686
-4.56592
-4.58453
-4.60534
-4.62294
-4.63034
-4.62088
-4.59348
-4.55136
-4.5053
-4.47506
-4.46773
-4.48415
-4.50854
-4.52519
-4.52992
-4.52487
-4.51528
-4.50932
-4.51274
-4.52465
-4.54161
-4.55362
-4.55739
-4.54621
-4.52599
-4.50643
-4.48981
-4.48047
-4.47674
-4.47086
-4.46145
-4.44995
-4.44061
-4.43869
-4.44995
-4.47718
-4.51964
-4.56907
-4.61325
-4.64292
-4.65697
-4.65884
-4.65336
-4.6444
-4.62948
-4.60742
-4.57805
-4.54257
-4.50529
-4.46742
-4.42076
-4.36863
-4.32249
-4.29363
-4.29145
-4.31452
-4.3567
-4.40774
-4.46234
-4.51361
-4.56323
-4.61071
-4.65561
-4.69848
-4.73036
-4.74447
-4.73854
-4.70367
-4.6437
-4.57207
-4.51022
-4.47788
-4.47902
-4.50679
-4.54831
-4.5896
-4.62385
-4.64804
-4.65349
-4.64155
-4.61668
-4.58633
-4.55992
-4.54617
-4.55245
-4.58059
-4.61256
-4.63109
-4.62711
-4.60154
-4.56194
-4.51426
-4.46802
-4.43416
-4.41553
-4.41299
-4.42355
-4.4394
-4.45192
-4.45914
-4.4686
-4.47947
-4.49201
-4.4976
-4.48994
-4.46825
-4.44059
-4.41397
-4.39921
-4.39855
-4.4109
-4.43077
-4.4551
-4.47918
-4.49985
-4.5154
-4.52977
-4.54846
-4.5775
-4.60997
-4.64097
-4.65565
-4.64797
-4.6216
-4.58408
-4.54485
-4.51652
-4.4996
-4.49144
-4.4872
-4.48526
-4.48506
-4.48858
-4.49391
-4.49588
-4.48732
-4.46773
-4.44957
-4.44132
-4.44687
-4.45975
-4.47244
-4.4808
-4.48662
-4.49415
-4.50306
-4.51265
-4.52019
-4.52576
-4.53386
-4.55248
-4.57968
-4.61007
-4.63212
-4.6387
-4.62248
-4.58173
-4.51616
-4.44075
-4.37108
-4.31665
-4.28113
-4.26268
-4.2629
-4.28334
-4.32324
-4.37308
-4.42694
-4.47534
-4.51274
-4.53466
-4.54083
-4.53423
-4.52055
-4.50724
-4.49353
-4.48159
-4.46955
-4.45946
-4.45194
-4.44241
-4.43194
-4.42317
-4.41656
-4.41333
-4.41487
-4.42249
-4.43431
-4.45001
-4.464
-4.47527
-4.4769
-4.46764
-4.44392
-4.40954
-4.3712
-4.33177
-4.29402
-4.25765
-4.22431
-4.20755
-4.22083
-4.26995
-4.33896
-4.4096
-4.46716
-4.50551
-4.51792
-4.51122
-4.48599
-4.44731
-4.40753
-4.37028
-4.33944
-4.31775
-4.30494
-4.30482
-4.31653
-4.34131
-4.37704
-4.42287
-4.47509
-4.52786
-4.57487
-4.61272
-4.64279
-4.66145
-4.66937
-4.66765
-4.65553
-4.63701
-4.61593
-4.59101
-4.56076
-4.5248
-4.48119
-4.43461
-4.38843
-4.3492
-4.3197
-4.29738
-4.27526
-4.2493
-4.21904
-4.1908
-4.17216
-4.17698
-4.21305
-4.27729
-4.35547
-4.43261
-4.49778
-4.54282
-4.56621
-4.56543
-4.5448
-4.50706
-4.4585
-4.40831
-4.36335
-4.33044
-4.31431
-4.3182
-4.34117
-4.37369
-4.40658
-4.42746
-4.42639
-4.40191
-4.36015
-4.31425
-4.27988
-4.26626
-4.27796
-4.30886
-4.34815
-4.38859
-4.42751
-4.4666
-4.5048
-4.53934
-4.5627
-4.57264
-4.56681
-4.5482
-4.5211
-4.49162
-4.47282
-4.4734
-4.49577
-4.53504
-4.57898
-4.61271
-4.63012
-4.62924
-4.61115
-4.58038
-4.54028
-4.49883
-4.46732
-4.45534
-4.4674
-4.49611
-4.53211
-4.56734
-4.58856
-4.59295
-4.58154
-4.56505
-4.55506
-4.55392
-4.55561
-4.55163
-4.54167
-4.52776
-4.51457
-4.50761
-4.50265
-4.49291
-4.47533
-4.44805
-4.4164
-4.38554
-4.36433
-4.36128
-4.38014
-4.41475
-4.45551
-4.49331
-4.52371
-4.54601
-4.5659
-4.58993
-4.61478
-4.63653
-4.65408
-4.66782
-4.67908
-4.68766
-4.69062
-4.69108
-4.68973
-4.68593
-4.68013
-4.67354
-4.66506
-4.65613
-4.64553
-4.63302
-4.61908
-4.60242
-4.58333
-4.56194
-4.53979
-4.51926
-4.50066
-4.47951
-4.45477
-4.42112
-4.38093
-4.34587
-4.32703
-4.33088
-4.352
-4.38097
-4.40677
-4.42572
-4.44183
-4.45981
-4.48475
-4.51043
-4.52936
-4.53486
-4.52376
-4.49746
-4.4659
-4.43795
-4.42067
-4.41663
-4.42322
-4.43655
-4.45202
-4.46664
-4.4804
-4.48742
-4.48821
-4.48385
-4.47186
-4.46037
-4.45518
-4.45717
-4.4641
-4.47443
-4.48527
-4.49738
-4.51237
-4.52994
-4.55627
-4.58393
-4.59936
-4.59249
-4.55743
-4.50134
-4.44339
-4.40585
-4.39181
-4.40038
-4.42391
-4.4589
-4.50207
-4.55183
-4.60287
-4.64881
-4.68555
-4.70572
-4.71029
-4.69522
-4.66324
-4.61392
-4.54979
-4.4781
-4.40976
-4.35873
-4.33121
-4.32401
-4.3318
-4.35161
-4.37889
-4.40968
-4.43211
-4.44329
-4.43835
-4.42221
-4.39629
-4.37255
-4.363
-4.37078
-4.39032
-4.41582
-4.43921
-4.45229
-4.45077
-4.431
-4.39244
-4.34247
-4.29602
-4.26573
-4.25869
-4.27363
-4.3055
-4.34947
-4.39969
-4.4485
-4.48972
-4.51774
-4.53083
-4.52892
-4.51237
-4.48417
-4.44468
-4.39136
-4.32712
-4.25636
-4.18736
-4.13168
-4.09891
-4.09102
-4.10529
-4.13426
-4.17396
-4.22154
-4.27343
-4.32677
-4.3793
-4.42752
-4.46775
-4.49963
-4.52174
-4.5378
-4.54512
-4.54777
-4.54725
-4.54497
-4.54454
-4.54946
-4.55978
-4.57227
-4.5915
-4.62041
-4.65446
-4.67974
-4.68747
-4.67415
-4.64422
-4.60799
-4.57313
-4.53997
-4.51095
-4.4868
-4.47175
-4.46853
-4.47161
-4.48176
-4.49726
-4.51445
-4.52984
-4.54204
-4.54959
-4.55727
-4.56513
-4.57128
-4.57673
-4.5833
-4.5879
-4.58445
-4.57132
-4.54472
-4.50758
-4.46095
-4.41101
-4.35996
-4.31111
-4.26294
-4.22093
-4.19644
-4.20142
-4.23391
-4.28057
-4.33274
-4.38856
-4.4434
-4.48939
-4.51923
-4.52503
-4.51483
-4.50287
-4.50632
-4.52599
-4.54896
-4.55972
-4.55091
-4.5262
-4.49098
-4.45399
-4.41984
-4.39476
-4.382
-4.37856
-4.37915
-4.38082
-4.38287
-4.38559
-4.38943
-4.39804
-4.41201
-4.43325
-4.46165
-4.49388
-4.52658
-4.55215
-4.56992
-4.57537
-4.57276
-4.56165
-4.5445
-4.52316
-4.49736
-4.4757
-4.46424
-4.46369
-4.47079
-4.48141
-4.491
-4.49662
-4.49962
-4.50079
-4.49965
-4.49834
-4.49541
-4.49145
-4.48956
-4.48764
-4.48858
-4.49213
-4.49163
-4.4875
-4.47777
-4.46767
-4.46509
-4.47485
-4.49268
-4.50918
-4.51928
-4.518
-4.51052
-4.49941
-4.48383
-4.46252
-4.43846
-4.41045
-4.38476
-4.36701
-4.36224
-4.3691
-4.38464
-4.40335
-4.41985
-4.43194
-4.43466
-4.43205
-4.42916
-4.43064
-4.43817
-4.45515
-4.48254
-4.52347
-4.57529
-4.62679
-4.66512
-4.67885
-4.66064
-4.61645
-4.55633
-4.49721
-4.45804
-4.44883
-4.46814
-4.50663
-4.55091
-4.59022
-4.61485
-4.6209
-4.60454
-4.57109
-4.52549
-4.48288
-4.45498
-4.43922
-4.42746
-4.41381
-4.40125
-4.39322
-4.39405
-4.40226
-4.41886
-4.44167
-4.47072
-4.50238
-4.53336
-4.55942
-4.57664
-4.58715
-4.59685
-4.60721
-4.61539
-4.62036
-4.62348
-4.62512
-4.62621
-4.62498
-4.61698
-4.59844
-4.56416
-4.51478
-4.45119
-4.38152
-4.31401
-4.25733
-4.21823
-4.19624
-4.19136
-4.20599
-4.241
-4.29321
-4.35341
-4.40827
-4.45322
-4.48601
-4.50481
-4.50911
-4.49976
-4.47746
-4.44386
-4.40232
-4.36137
-4.32799
-4.31275
-4.32193
-4.35407
-4.40294
-4.45327
-4.49219
-4.51145
-4.50878
-4.48569
-4.44852
-4.40653
-4.36746
-4.33807
-4.32636
-4.33634
-4.36961
-4.41745
-4.46975
-4.51612
-4.55165
-4.57668
-4.58688
-4.58152
-4.55981
-4.52492
-4.48496
-4.45192
-4.43777
-4.44754
-4.47383
-4.50314
-4.52763
-4.54073
-4.54188
-4.53385
-4.51753
-4.49558
-4.47003
-4.44438
-4.43096
-4.43755
-4.46843
-4.5148
-4.56317
-4.60503
-4.6385
-4.66243
-4.68183
-4.69241
-4.69445
-4.69188
-4.68281
-4.66785
-4.6443
-4.61393
-4.57533
-4.52921
-4.47697
-4.42819
-4.3878
-4.36198
-4.35536
-4.36436
-4.38261
-4.3995
-4.40457
-4.39542
-4.37026
-4.33294
-4.28708
-4.24274
-4.21069
-4.20283
-4.21922
-4.25172
-4.28586
-4.31267
-4.32783
-4.3352
-4.34135
-4.34952
-4.36187
-4.37493
-4.38508
-4.39727
-4.41383
-4.43964
-4.46875
-4.49176
-4.50525
-4.51007
-4.50424
-4.49102
-4.47478
-4.46113
-4.45615
-4.46198
-4.47589
-4.48882
-4.49342
-4.48608
-4.46905
-4.44459
-4.41404
-4.38186
-4.35129
-4.32765
-4.3139
-4.31134
-4.31962
-4.3347
-4.35295
-4.37538
-4.40175
-4.42593
-4.44228
-4.4499
-4.4495
-4.4424
-4.43551
-4.42744
-4.42083
-4.42059
-4.43055
-4.44975
-4.47615
-4.50461
-4.52905
-4.54821
-4.56318
-4.57754
-4.59181
-4.60758
-4.62438
-4.64061
-4.66078
-4.6829
-4.7042
-4.72717
-4.74779
-4.7638
-4.77385
-4.77163
-4.75308
-4.71804
-4.66848
-4.6102
-4.54874
-4.49125
-4.44185
-4.40319
-4.37544
-4.35918
-4.35842
-4.37282
-4.40305
-4.44986
-4.50994
-4.57147
-4.62305
-4.65689
-4.67262
-4.67057
-4.65582
-4.63135
-4.60369
-4.58222
-4.57432
-4.58002
-4.58918
-4.59407
-4.58524
-4.56251
-4.52973
-4.49062
-4.45109
-4.41675
-4.38666
-4.36292
-4.34652
-4.34022
-4.34463
-4.35878
-4.3803
-4.40825
-4.44129
-4.47431
-4.50397
-4.52802
-4.54443
-4.5506
-4.54517
-4.53017
-4.51133
-4.49275
-4.47559
-4.46155
-4.4478
-4.43835
-4.43345
-4.43555
-4.44275
-4.45017
-4.45348
-4.45501
-4.45924
-4.47064
-4.49249
-4.5224
-4.55346
-4.57973
-4.59978
-4.61693
-4.63383
-4.64609
-4.64882
-4.63836
-4.61129
-4.57202
-4.54353
-4.51377
-4.48637
-4.4572
-4.42383
-4.37901
-4.32516
-4.27545
-4.24688
-4.24605
-4.26697
-4.29735
-4.33079
-4.35754
-4.37648
-4.38329
-4.37895
-4.36632
-4.35082
-4.33927
-4.32785
-4.31052
-4.28853
-4.26583
-4.24688
-4.23564
-4.2337
-4.23261
-4.22927
-4.22229
-4.21335
-4.21169
-4.224
-4.25546
-4.30369
-4.35783
-4.40545
-4.43302
-4.43951
-4.42472
-4.39699
-4.3722
-4.35759
-4.36214
-4.3876
-4.42905
-4.48247
-4.53288
-4.5708
-4.59404
-4.60605
-4.61203
-4.61421
-4.61519
-4.61459
-4.61812
-4.62565
-4.63605
-4.64239
-4.63708
-4.61679
-4.58419
-4.54339
-4.49617
-4.44392
-4.39059
-4.34432
-4.31277
-4.29385
-4.28083
-4.26982
-4.26404
-4.26232
-4.26004
-4.25749
-4.25425
-4.25426
-4.26557
-4.28873
-4.32201
-4.35762
-4.38935
-4.41256
-4.42248
-4.42076
-4.41156
-4.39856
-4.38653
-4.3752
-4.36298
-4.35196
-4.3354
-4.31331
-4.28491
-4.25611
-4.2402
-4.2522
-4.29538
-4.3534
-4.40467
-4.43869
-4.45393
-4.45358
-4.43882
-4.4123
-4.37681
-4.34316
-4.33367
-4.35967
-4.40383
-4.44651
-4.47625
-4.48954
-4.48954
-4.47977
-4.46828
-4.45727
-4.44937
-4.43993
-4.42283
-4.40302
-4.38026
-4.3593
-4.33964
-4.31846
-4.29326
-4.26691
-4.24639
-4.23807
-4.24762
-4.27164
-4.30468
-4.33891
-4.36776
-4.39166
-4.41215
-4.42984
-4.4422
-4.44883
-4.447
-4.43728
-4.42929
-4.42795
-4.43456
-4.4512
-4.4706
-4.48761
-4.49554
-4.48917
-4.47404
-4.45916
-4.45693
-4.47466
-4.51325
-4.56306
-4.61434
-4.6547
-4.67794
-4.68234
-4.67201
-4.65504
-4.64116
-4.64266
-4.6603
-4.68552
-4.70551
-4.71157
-4.69807
-4.66822
-4.63143
-4.59881
-4.57943
-4.57036
-4.57254
-4.5818
-4.59952
-4.62215
-4.64368
-4.65721
-4.65472
-4.6312
-4.58508
-4.52539
-4.46568
-4.42477
-4.39971
-4.38236
-4.36812
-4.35634
-4.35162
-4.35468
-4.3661
-4.388
-4.41501
-4.44522
-4.47492
-4.4995
-4.51261
-4.5099
-4.49004
-4.45636
-4.41841
-4.39006
-4.38197
-4.38618
-4.39451
-4.39524
-4.38844
-4.37572
-4.36652
-4.3653
-4.37782
-4.41003
-4.45304
-4.49469
-4.52071
-4.52367
-4.50171
-4.46564
-4.42511
-4.38961
-4.36326
-4.3448
-4.33413
-4.33537
-4.35439
-4.39146
-4.44177
-4.49723
-4.54957
-4.5905
-4.61811
-4.62979
-4.624
-4.59875
-4.5528
-4.49419
-4.43428
-4.38447
-4.35793
-4.3561
-4.37405
-4.40114
-4.42912
-4.45113
-4.46414
-4.47253
-4.48136
-4.49586
-4.5183
-4.54589
-4.57204
-4.58576
-4.57646
-4.54133
-4.48394
-4.42097
-4.37362
-4.35922
-4.38115
-4.42783
-4.48273
-4.52891
-4.55705
-4.56468
-4.55447
-4.535
-4.51137
-4.4885
-4.46769
-4.45011
-4.43408
-4.41973
-4.4075
-4.39768
-4.38714
-4.3785
-4.37312
-4.37481
-4.38273
-4.39339
-4.40314
-4.41051
-4.41412
-4.41354
-4.4154
-4.42073
-4.42933
-4.44322
-4.45949
-4.47874
-4.50133
-4.5259
-4.55439
-4.58381
-4.61059
-4.62989
-4.6359
-4.63348
-4.62347
-4.60853
-4.57993
-4.53364
-4.47271
-4.40815
-4.35179
-4.31555
-4.30592
-4.31768
-4.346
-4.38851
-4.43886
-4.49309
-4.54991
-4.60131
-4.63688
-4.65598
-4.65544
-4.63578
-4.60675
-4.57487
-4.55053
-4.54122
-4.55055
-4.56593
-4.57976
-4.57938
-4.56715
-4.54552
-4.5236
-4.50826
-4.50285
-4.51021
-4.5267
-4.54542
-4.56142
-4.57074
-4.57206
-4.5665
-4.55477
-4.54146
-4.53131
-4.53006
-4.53981
-4.555
-4.56746
-4.57029
-4.56128
-4.54703
-4.529
-4.51712
-4.51016
-4.50734
-4.50616
-4.50993
-4.51882
-4.53391
-4.55215
-4.5676
-4.57427
-4.56601
-4.53411
-4.47447
-4.38984
-4.28994
-4.19262
-4.11977
-4.08523
-4.09826
-4.14771
-4.21502
-4.27909
-4.32215
-4.33557
-4.32062
-4.29166
-4.27142
-4.27621
-4.30567
-4.34971
-4.39333
-4.42813
-4.44932
-4.45984
-4.46342
-4.4665
-4.47357
-4.48653
-4.50206
-4.51796
-4.53457
-4.55202
-4.56956
-4.59175
-4.61437
-4.63257
-4.64024
-4.62848
-4.59761
-4.55062
-4.50087
-4.46078
-4.43204
-4.41048
-4.38655
-4.35796
-4.32954
-4.30643
-4.29622
-4.30501
-4.33198
-4.36975
-4.40974
-4.44109
-4.45892
-4.45948
-4.43963
-4.40522
-4.36431
-4.32923
-4.30596
-4.29985
-4.30723
-4.32308
-4.34628
-4.37721
-4.41248
-4.44634
-4.47017
-4.48203
-4.48309
-4.47966
-4.47537
-4.46867
-4.45853
-4.44664
-4.43791
-4.43509
-4.4371
-4.43852
-4.43927
-4.43799
-4.43333
-4.42525
-4.40865
-4.38599
-4.36221
-4.33889
-4.3195
-4.3018
-4.28517
-4.26864
-4.24924
-4.2257
-4.20254
-4.18752
-4.19002
-4.21368
-4.25621
-4.30859
-4.36405
-4.41876
-4.46913
-4.51045
-4.53991
-4.55631
-4.56482
-4.56707
-4.56623
-4.56471
-4.56261
-4.5585
-4.5473
-4.5297
-4.50707
-4.48438
-4.46871
-4.46032
-4.45813
-4.45523
-4.44759
-4.43492
-4.41898
-4.39781
-4.37534
-4.35109
-4.33143
-4.32395
-4.33419
-4.36285
-4.40777
-4.46028
-4.51446
-4.55955
-4.58964
-4.5992
-4.58253
-4.54202
-4.48832
-4.43263
-4.38896
-4.36057
-4.34686
-4.34615
-4.35501
-4.3703
-4.3889
-4.40755
-4.42427
-4.43511
-4.43905
-4.4406
-4.44838
-4.46653
-4.49395
-4.51999
-4.53309
-4.53013
-4.51408
-4.49767
-4.48793
-4.48952
-4.50586
-4.53127
-4.55926
-4.57797
-4.57531
-4.54661
-4.4957
-4.43017
-4.36103
-4.3047
-4.27176
-4.27174
-4.30304
-4.3573
-4.41838
-4.47316
-4.51077
-4.52905
-4.5322
-4.5347
-4.54458
-4.56441
-4.5879
-4.60425
-4.61256
-4.61151
-4.60213
-4.58523
-4.56204
-4.53337
-4.50449
-4.47666
-4.45094
-4.43102
-4.4193
-4.42018
-4.43614
-4.46563
-4.50197
-4.53051
-4.54321
-4.5316
-4.49641
-4.44632
-4.39474
-4.35791
-4.34485
-4.35018
-4.36259
-4.37366
-4.38349
-4.39241
-4.401
-4.40255
-4.39345
-4.37971
-4.36929
-4.37108
-4.38996
-4.42099
-4.45771
-4.49496
-4.52671
-4.55225
-4.56956
-4.58166
-4.58842
-4.58586
-4.57598
-4.55922
-4.53086
-4.4911
-4.44192
-4.3837
-4.32429
-4.27845
-4.2615
-4.27188
-4.30122
-4.34001
-4.38915
-4.44751
-4.51192
-4.56874
-4.60952
-4.62716
-4.62377
-4.59869
-4.55937
-4.50892
-4.4529
-4.40131
-4.35616
-4.31813
-4.28724
-4.26718
-4.25757
-4.2566
-4.26547
-4.28144
-4.30236
-4.32519
-4.34822
-4.37541
-4.40992
-4.45805
-4.50818
-4.55109
-4.57957
-4.58916
-4.58144
-4.55346
-4.51121
-4.46191
-4.42802
-4.42574
-4.45726
-4.50284
-4.54133
-4.56448
-4.56801
-4.55729
-4.53408
-4.50797
-4.48508
-4.46905
-4.45414
-4.43344
-4.39922
-4.3545
-4.30933
-4.27788
-4.27076
-4.29012
-4.32634
-4.37262
-4.42277
-4.47149
-4.50983
-4.53113
-4.52662
-4.49153
-4.43344
-4.38109
-4.36662
-4.39334
-4.4463
-4.5164
-4.59618
-4.67087
-4.72486
-4.75063
-4.74757
-4.71758
-4.67415
-4.63723
-4.62564
-4.63952
-4.66096
-4.67274
-4.66541
-4.63912
-4.60102
-4.56154
-4.52897
-4.50878
-4.50142
-4.50368
-4.51128
-4.51567
-4.51786
-4.51369
-4.50463
-4.48746
-4.4626
-4.42936
-4.39408
-4.36447
-4.3431
-4.33401
-4.3325
-4.33182
-4.32997
-4.32559
-4.32424
-4.33029
-4.34239
-4.35168
-4.35219
-4.33811
-4.31369
-4.28754
-4.27365
-4.27952
-4.30016
-4.33059
-4.36275
-4.39494
-4.42047
-4.44139
-4.45707
-4.47236
-4.48652
-4.50206
-4.51839
-4.53342
-4.54481
-4.55433
-4.56171
-4.56434
-4.56229
-4.55929
-4.56143
-4.57304
-4.58915
-4.60238
-4.60125
-4.57852
-4.53632
-4.48424
-4.43679
-4.4025
-4.39471
-4.41601
-4.45727
-4.50272
-4.53788
-4.55319
-4.54526
-4.52018
-4.48345
-4.4465
-4.41742
-4.39632
-4.38684
-4.38462
-4.39027
-4.4024
-4.41894
-4.43533
-4.44277
-4.44048
-4.43209
-4.423
-4.41907
-4.4211
-4.42907
-4.4436
-4.4629
-4.48521
-4.50863
-4.52323
-4.5253
-4.51712
-4.50829
-4.50768
-4.50919
-4.50745
-4.50011
-4.48431
-4.46011
-4.43284
-4.4053
-4.38046
-4.36315
-4.35305
-4.35194
-4.35619
-4.36245
-4.36609
-4.36944
-4.36973
-4.37278
-4.3816
-4.39698
-4.41759
-4.44391
-4.47326
-4.50009
-4.52209
-4.53779
-4.54027
-4.526
-4.49707
-4.45389
-4.40175
-4.34556
-4.29724
-4.26221
-4.25435
-4.2717
-4.30708
-4.3495
-4.39119
-4.43191
-4.47143
-4.51025
-4.54314
-4.56113
-4.56071
-4.5507
-4.5429
-4.54808
-4.56115
-4.56824
-4.5549
-4.5171
-4.4606
-4.39739
-4.33958
-4.29923
-4.28028
-4.27889
-4.28409
-4.291
-4.29452
-4.29696
-4.29913
-4.30079
-4.30784
-4.32479
-4.3542
-4.39397
-4.43032
-4.45334
-4.45641
-4.44173
-4.41594
-4.39112
-4.37172
-4.36264
-4.36219
-4.37386
-4.39646
-4.42709
-4.4573
-4.48068
-4.4954
-4.5066
-4.51754
-4.52957
-4.54295
-4.55104
-4.55308
-4.54934
-4.54649
-4.55534
-4.58234
-4.61892
-4.64744
-4.65831
-4.65037
-4.6315
-4.60992
-4.59112
-4.57802
-4.57019
-4.56573
-4.56123
-4.55039
-4.53148
-4.50575
-4.47237
-4.43276
-4.38948
-4.3476
-4.31557
-4.30285
-4.31697
-4.36
-4.41837
-4.48107
-4.53995
-4.58813
-4.62533
-4.64994
-4.66082
-4.65298
-4.63089
-4.5925
-4.5436
-4.49396
-4.46252
-4.46218
-4.4881
-4.51918
-4.53588
-4.53543
-4.52013
-4.49724
-4.46989
-4.44173
-4.41807
-4.39962
-4.39212
-4.39377
-4.40427
-4.41813
-4.43223
-4.43842
-4.43476
-4.42305
-4.41034
-4.40385
-4.41061
-4.4287
-4.4504
-4.47008
-4.48782
-4.5112
-4.54313
-4.58351
-4.62781
-4.66743
-4.69832
-4.71334
-4.70749
-4.68287
-4.64359
-4.59919
-4.56229
-4.54268
-4.53992
-4.55664
-4.58636
-4.62426
-4.66329
-4.69746
-4.71874
-4.72574
-4.71813
-4.69833
-4.66824
-4.63456
-4.59895
-4.56355
-4.53004
-4.50214
-4.47738
-4.45654
-4.4433
-4.43455
-4.43418
-4.4401
-4.45262
-4.47418
-4.5013
-4.53236
-4.56157
-4.58227
-4.59197
-4.58748
-4.56725
-4.53498
-4.49683
-4.46251
-4.44023
-4.43193
-4.43579
-4.44768
-4.46359
-4.4805
-4.49544
-4.5112
-4.52248
-4.52563
-4.52081
-4.50852
-4.49647
-4.48846
-4.48938
-4.50017
-4.51563
-4.52936
-4.53557
-4.52578
-4.50362
-4.47168
-4.45897
-4.45202
-4.449
-4.45276
-4.4599
-4.46626
-4.47076
-4.47136
-4.46768
-4.45648
-4.43575
-4.40754
-4.37245
-4.33267
-4.29487
-4.26012
-4.22909
-4.20033
-4.17887
-4.17061
-4.17826
-4.20214
-4.23956
-4.28823
-4.34434
-4.40357
-4.45998
-4.51207
-4.56039
-4.59857
-4.62635
-4.63615
-4.62147
-4.57645
-4.50643
-4.42552
-4.35332
-4.30059
-4.26868
-4.25415
-4.24865
-4.24661
-4.24779
-4.2509
-4.25843
-4.27354
-4.29793
-4.33389
-4.37457
-4.41532
-4.44905
-4.47419
-4.49318
-4.50605
-4.51217
-4.50801
-4.49469
-4.48241
-4.48141
-4.49667
-4.52052
-4.54416
-4.5658
-4.58232
-4.58982
-4.58322
-4.56297
-4.53382
-4.50437
-4.48501
-4.48102
-4.49579
-4.52309
-4.55207
-4.57707
-4.59248
-4.60128
-4.60532
-4.60463
-4.6008
-4.59188
-4.58154
-4.57062
-4.5583
-4.54049
-4.51874
-4.49952
-4.49604
-4.5085
-4.52989
-4.5487
-4.55988
-4.56186
-4.5614
-4.56389
-4.57934
-4.60181
-4.62319
-4.63265
-4.62799
-4.60917
-4.58396
-4.56085
-4.54889
-4.5453
-4.54539
-4.53884
-4.52852
-4.52256
-4.52969
-4.55515
-4.59178
-4.63018
-4.66287
-4.68372
-4.69266
-4.69172
-4.67929
-4.65691
-4.62224
-4.56871
-4.49396
-4.40074
-4.30421
-4.23403
-4.21517
-4.23613
-4.26737
-4.29037
-4.30537
-4.3145
-4.32022
-4.32304
-4.32394
-4.32901
-4.3431
-4.36675
-4.40197
-4.4473
-4.49535
-4.53512
-4.55481
-4.55005
-4.52304
-4.48009
-4.43615
-4.39733
-4.37143
-4.35929
-4.35597
-4.35855
-4.35969
-4.35479
-4.34688
-4.337
-4.32641
-4.30899
-4.28214
-4.24176
-4.19009
-4.14538
-4.12301
-4.13833
-4.19413
-4.27851
-4.36777
-4.43985
-4.48167
-4.48799
-4.46911
-4.4357
-4.40361
-4.38267
-4.37581
-4.37679
-4.37549
-4.36422
-4.34241
-4.31792
-4.30074
-4.30274
-4.33119
-4.3786
-4.4213
-4.44153
-4.4315
-4.39576
-4.34842
-4.30821
-4.29688
-4.32172
-4.38297
-4.46222
-4.53394
-4.58125
-4.59598
-4.57523
-4.52547
-4.45362
-4.37034
-4.28844
-4.22163
-4.18343
-4.18216
-4.21981
-4.28287
-4.35218
-4.41446
-4.46177
-4.48729
-4.4886
-4.47012
-4.44078
-4.41103
-4.3928
-4.39328
-4.41184
-4.44335
-4.47662
-4.50608
-4.52381
-4.52651
-4.51877
-4.49924
-4.47491
-4.44105
-4.39819
-4.34641
-4.29401
-4.24951
-4.22149
-4.20934
-4.20514
-4.20778
-4.21881
-4.2434
-4.28385
-4.34053
-4.4053
-4.4682
-4.52119
-4.56253
-4.59227
-4.60807
-4.6105
-4.60141
-4.58409
-4.55866
-4.52752
-4.49293
-4.45706
-4.42398
-4.40303
-4.40155
-4.41951
-4.44892
-4.47509
-4.489
-4.48347
-4.46036
-4.43052
-4.40957
-4.40787
-4.43002
-4.46045
-4.48538
-4.49357
-4.48371
-4.4566
-4.41891
-4.37478
-4.33157
-4.29952
-4.28384
-4.28575
-4.30332
-4.32863
-4.35539
-4.3774
-4.38906
-4.38656
-4.37683
-4.37071
-4.37354
-4.38332
-4.39486
-4.40085
-4.40174
-4.39969
-4.3974
-4.39541
-4.39319
-4.39094
-4.38288
-4.36953
-4.34917
-4.32408
-4.30284
-4.29054
-4.29337
-4.31238
-4.34568
-4.38716
-4.42842
-4.46011
-4.47485
-4.47174
-4.4503
-4.41344
-4.36409
-4.30655
-4.24598
-4.18585
-4.13186
-4.09618
-4.08802
-4.10627
-4.15073
-4.21222
-4.28544
-4.36603
-4.44621
-4.52003
-4.5759
-4.60909
-4.61612
-4.60247
-4.57043
-4.52158
-4.4629
-4.41033
-4.38368
-4.38856
-4.39967
-4.39937
-4.38592
-4.36572
-4.34679
-4.33123
-4.32012
-4.30793
-4.29374
-4.27682
-4.25921
-4.24459
-4.23691
-4.23816
-4.25248
-4.27949
-4.31876
-4.36425
-4.40885
-4.44702
-4.47247
-4.48258
-4.47564
-4.45534
-4.42788
-4.40246
-4.38254
-4.36931
-4.35274
-4.33329
-4.31399
-4.30239
-4.30352
-4.31541
-4.33418
-4.35073
-4.35526
-4.34307
-4.3171
-4.28752
-4.26397
-4.26389
-4.29215
-4.34233
-4.39814
-4.44805
-4.48726
-4.51432
-4.52902
-4.52928
-4.51294
-4.48733
-4.45394
-4.4211
-4.38851
-4.35602
-4.32002
-4.27885
-4.23996
-4.21368
-4.21139
-4.23715
-4.28398
-4.3415
-4.39961
-4.45206
-4.49502
-4.52399
-4.53776
-4.53245
-4.50912
-4.47164
-4.42629
-4.38331
-4.35422
-4.34701
-4.36619
-4.40357
-4.44295
-4.47389
-4.48676
-4.48055
-4.46513
-4.44948
-4.44075
-4.44185
-4.44857
-4.46457
-4.49272
-4.5324
-4.57565
-4.61034
-4.62501
-4.61198
-4.56607
-4.492
-4.39952
-4.30588
-4.23584
-4.20768
-4.22612
-4.28066
-4.35046
-4.41877
-4.46819
-4.49055
-4.48334
-4.44756
-4.39384
-4.3361
-4.2978
-4.29329
-4.3199
-4.36272
-4.40576
-4.43684
-4.45252
-4.45485
-4.45247
-4.44795
-4.44951
-4.45937
-4.47507
-4.4911
-4.50069
-4.49594
-4.47298
-4.42765
-4.36785
-4.30383
-4.24848
-4.2031
-4.16379
-4.13164
-4.11185
-4.11578
-4.14955
-4.20559
-4.26791
-4.31516
-4.342
-4.35165
-4.35323
-4.35664
-4.36487
-4.37346
-4.37548
-4.37125
-4.3639
-4.36049
-4.36395
-4.36984
-4.37143
-4.36151
-4.34511
-4.32868
-4.32024
-4.3214
-4.32916
-4.33857
-4.34447
-4.34983
-4.35894
-4.3748
-4.39641
-4.41939
-4.44233
-4.46319
-4.48373
-4.50682
-4.52827
-4.54971
-4.56714
-4.5717
-4.55805
-4.52228
-4.46974
-4.41735
-4.38187
-4.37023
-4.37501
-4.38938
-4.40848
-4.43252
-4.46158
-4.4917
-4.51625
-4.52883
-4.5304
-4.52564
-4.52098
-4.51798
-4.51515
-4.50799
-4.49999
-4.48754
-4.47028
-4.44267
-4.41105
-4.37984
-4.36124
-4.36623
-4.3927
-4.42805
-4.45437
-4.4613
-4.45074
-4.43066
-4.41415
-4.40668
-4.40787
-4.41382
-4.42295
-4.42909
-4.43447
-4.4351
-4.42847
-4.41434
-4.3991
-4.39449
-4.406
-4.43653
-4.47979
-4.52421
-4.55732
-4.56976
-4.55238
-4.50528
-4.43541
-4.35263
-4.26978
-4.1968
-4.14793
-4.12883
-4.14028
-4.17593
-4.22572
-4.27865
-4.32709
-4.36461
-4.38798
-4.39957
-4.40121
-4.40069
-4.40362
-4.41924
-4.4534
-4.50178
-4.5563
-4.60336
-4.63046
-4.63291
-4.61666
-4.59745
-4.58062
-4.5612
-4.53179
-4.50005
-4.47399
-4.46427
-4.47593
-4.49896
-4.52144
-4.52911
-4.51635
-4.48218
-4.43561
-4.38838
-4.35622
-4.3423
-4.34576
-4.36714
-4.39949
-4.43706
-4.46491
-4.48284
-4.49256
-4.49407
-4.48767
-4.47354
-4.45149
-4.42601
-4.39865
-4.37574
-4.36048
-4.35316
-4.35343
-4.36159
-4.37195
-4.38377
-4.38977
-4.38269
-4.35522
-4.30716
-4.25866
-4.23336
-4.25123
-4.30577
-4.37496
-4.44185
-4.4957
-4.53324
-4.55237
-4.55162
-4.52856
-4.48366
-4.42133
-4.35252
-4.29596
-4.26484
-4.26591
-4.29692
-4.35224
-4.41486
-4.46612
-4.49474
-4.50017
-4.49314
-4.48429
-4.4813
-4.47901
-4.47692
-4.47217
-4.46819
-4.46891
-4.47753
-4.49297
-4.51129
-4.53163
-4.55099
-4.57016
-4.5861
-4.59394
-4.58375
-4.55192
-4.49683
-4.42855
-4.3645
-4.32858
-4.33492
-4.37555
-4.43288
-4.48688
-4.52467
-4.53701
-4.52714
-4.49854
-4.46112
-4.42697
-4.41009
-4.41985
-4.45834
-4.51008
-4.55915
-4.58602
-4.58214
-4.54337
-4.48109
-4.41292
-4.3577
-4.33075
-4.33359
-4.3551
-4.38532
-4.41877
-4.45452
-4.49227
-4.52747
-4.55521
-4.57247
-4.58239
-4.58338
-4.57607
-4.55651
-4.52286
-4.47788
-4.42849
-4.38008
-4.33621
-4.29671
-4.25854
-4.22494
-4.19572
-4.18265
-4.20144
-4.26232
-4.35405
-4.4531
-4.5324
-4.58724
-4.61467
-4.62293
-4.62124
-4.62034
-4.61932
-4.61746
-4.61232
-4.59879
-4.57437
-4.54184
-4.50504
-4.46842
-4.43657
-4.41092
-4.39174
-4.37151
-4.34537
-4.31314
-4.27685
-4.25096
-4.24711
-4.27415
-4.32211
-4.37342
-4.41282
-4.43013
-4.42792
-4.41167
-4.39232
-4.37742
-4.37179
-4.37553
-4.38761
-4.40602
-4.42959
-4.45149
-4.4675
-4.46896
-4.45354
-4.42579
-4.40589
-4.41269
-4.44978
-4.50096
-4.54953
-4.58842
-4.61641
-4.63224
-4.63605
-4.62944
-4.61532
-4.60029
-4.58731
-4.57292
-4.55843
-4.54304
-4.53038
-4.51453
-4.49301
-4.45714
-4.40397
-4.33828
-4.27762
-4.23456
-4.21133
-4.20326
-4.20048
-4.1971
-4.19218
-4.18663
-4.17934
-4.17
-4.16147
-4.1575
-4.1594
-4.16566
-4.17491
-4.17768
-4.17755
-4.1716
-4.16202
-4.16054
-4.17688
-4.20564
-4.23704
-4.26188
-4.27598
-4.28272
-4.28219
-4.27451
-4.26866
-4.27344
-4.3004
-4.34909
-4.40948
-4.46203
-4.49908
-4.51279
-4.50255
-4.47222
-4.42641
-4.37738
-4.33374
-4.30804
-4.30551
-4.32726
-4.36784
-4.41853
-4.47101
-4.51872
-4.55514
-4.57537
-4.57728
-4.56291
-4.53307
-4.49083
-4.44628
-4.40734
-4.37697
-4.35595
-4.33514
-4.30415
-4.25613
-4.18951
-4.11185
-4.0429
-4.00278
-4.00458
-4.04997
-4.12753
-4.21978
-4.31402
-4.40165
-4.47307
-4.51596
-4.53252
-4.5252
-4.50735
-4.48014
-4.44964
-4.41371
-4.37591
-4.34542
-4.33327
-4.33928
-4.35212
-4.36421
-4.37109
-4.37626
-4.39021
-4.41729
-4.45667
-4.50945
-4.56318
-4.6092
-4.63601
-4.64136
-4.62142
-4.58072
-4.52349
-4.45635
-4.38863
-4.32885
-4.28586
-4.26115
-4.25767
-4.27335
-4.30677
-4.34367
-4.3732
-4.38621
-4.3823
-4.36858
-4.35983
-4.36252
-4.3767
-4.39672
-4.41279
-4.42386
-4.43208
-4.44154
-4.45668
-4.4737
-4.48853
-4.49471
-4.48231
-4.45002
-4.41066
-4.38523
-4.39299
-4.42804
-4.4695
-4.49904
-4.51261
-4.51672
-4.516
-4.51086
-4.49819
-4.47664
-4.44559
-4.41181
-4.39122
-4.39491
-4.41922
-4.45119
-4.47436
-4.48284
-4.47329
-4.4447
-4.40105
-4.35152
-4.30442
-4.2696
-4.25508
-4.26245
-4.28775
-4.31567
-4.33672
-4.34463
-4.34478
-4.34855
-4.36549
-4.39482
-4.43149
-4.46504
-4.48773
-4.4964
-4.49169
-4.47965
-4.46965
-4.46692
-4.47006
-4.47926
-4.48903
-4.49169
-4.48003
-4.45022
-4.40165
-4.33981
-4.27454
-4.22173
-4.19329
-4.18936
-4.19816
-4.21221
-4.22936
-4.2534
-4.28563
-4.32747
-4.3762
-4.42875
-4.48149
-4.52759
-4.56229
-4.58159
-4.58215
-4.55877
-4.51708
-4.46256
-4.40398
-4.35393
-4.32049
-4.3096
-4.32135
-4.35105
-4.39495
-4.4458
-4.49683
-4.54351
-4.58447
-4.61497
-4.63522
-4.6434
-4.64373
-4.63943
-4.63642
-4.62957
