30.5719
28.6529
27.452
25.2537
24.0642
22.7791
22.1985
21.0089
20.3351
20.2284
20.0035
19.5955
19.3445
18.9544
18.3137
17.7762
17.169
16.7289
16.5239
16.3807
16.2448
16.1638
16.0972
16.0936
16.0861
15.9294
15.9168
15.8063
15.7995
15.6772
15.6555
15.6649
15.5364
15.4589
15.3486
14.7161
14.0214
13.9314
13.6661
13.3465
13.2992
13.2984
13.2999
13.2991
13.2992
13.2768
13.2859
13.2885
13.2817
13.2479
13.1761
13.1097
13.0315
12.9532
12.9321
12.9242
12.8838
12.8519
12.7681
12.6309
12.4842
12.4544
12.4565
12.4645
12.4636
12.4635
12.4643
12.4648
12.4626
12.4651
12.4744
12.4664
12.4596
12.4529
12.4476
12.4342
12.4212
12.4209
12.4052
12.3752
12.3833
12.3493
12.3149
12.2499
12.2277
12.2124
12.2124
12.2059
12.2028
12.1775
12.1871
12.1236
12.043
11.9664
11.7943
11.7032
11.6522
11.5956
11.5372
11.4455
11.371
11.3665
11.3636
11.3505
11.3432
11.3156
11.2843
11.2533
11.1526
11.0822
10.9882
10.9057
10.7848
10.6057
10.5071
10.3222
10.1532
10.1278
10.125
10.125
10.1252
10.125
10.125
10.1278
10.1295
10.1247
10.1248
10.1138
10.0959
10.0411
10.0162
9.97117
9.94228
9.89843
9.86805
9.85686
9.85609
9.85107
9.85069
9.84769
9.83689
9.82907
9.83768
9.80984
9.7992
9.80255
9.77209
9.73793
9.73682
9.72452
9.72172
9.71967
9.71743
9.7182
9.71917
9.71936
9.71917
9.71859
9.71897
9.71897
9.7182
9.71859
9.71762
9.71724
9.71685
9.71588
9.71588
9.71588
9.71588
9.71588
9.71608
9.71704
9.71685
9.71743
9.71704
9.71724
9.71762
9.71762
9.71666
9.71588
9.71608
9.71762
9.71666
9.71878
9.71743
9.71724
9.71743
9.71762
9.71704
9.71685
9.71801
9.71782
9.71704
9.71762
9.71839
9.71897
9.71743
9.71543
9.71897
9.72033
9.72206
9.72052
9.71936
9.71897
9.71936
9.71782
9.7182
9.71897
9.71994
9.71936
9.71782
9.71666
9.71588
9.71588
9.71588
9.71588
9.71588
9.71588
9.71685
9.71588
9.71588
9.71588
9.71588
9.71588
9.71588
9.71608
9.71588
9.71588
9.71646
9.71588
9.71646
9.71782
9.7182
9.71743
9.71588
9.71608
9.71704
9.71646
9.71762
9.71588
9.71588
9.71588
9.71588
9.71588
9.71588
9.71588
9.71588
9.71588
9.71588
9.71588
9.71588
9.71588
9.71588
9.71588
9.71588
9.71608
9.71627
9.71646
9.71427
9.71446
9.71459
9.71562
9.71777
9.71699
9.71704
9.71724
9.71704
9.71588
9.71588
9.71588
9.71588
9.71588
9.71588
9.71588
9.71588
9.71588
9.71588
9.71588
9.71588
9.71588
9.71588
9.71588
9.71588
9.71588
9.71588
9.71588
9.71573
9.71588
9.71588
9.71588
9.71588
9.71588
9.71588
9.71588
9.71588
9.71588
9.71588
9.71588
9.71588
9.71588
9.71588
9.71588
9.71588
9.71588
9.71588
9.71588
9.71588
9.71588
9.71588
9.71588
9.71588
9.71588
9.71588
9.71588
9.71588
9.71588
9.71588
9.71588
9.71588
9.71588
9.71588
9.71588
9.71588
9.71588
9.71588
9.71588
9.71588
9.71588
9.71588
9.71588
9.71588
9.71588
9.71588
9.71588
9.71588
9.71588
9.71588
9.71588
9.71588
9.71588
9.71588
9.71588
9.71588
9.71588
9.71588
9.71588
9.71588
9.71588
9.71588
9.71588
9.71588
9.71588
9.71588
9.71588
9.71588
9.71588
9.71588
9.71588
9.71588
9.71588
9.71588
9.71588
9.71588
9.71588
9.71588
9.71588
9.71588
9.71588
9.71588
9.71588
9.71588
9.71588
9.71588
9.71588
9.71588
9.71588
9.71588
9.71588
9.71588
9.71588
9.71588
9.71588
9.71427
9.71266
9.70781
9.70458
9.69974
9.69974
9.69651
9.69561
9.69167
9.6882
9.68203
9.6815
9.68659
9.67328
9.67182
9.64946
9.64922
9.65269
9.65108
9.65777
9.661
9.66423
9.66423
9.64486
9.64462
9.64922
9.64002
9.63518
9.63518
9.63518
9.63518
9.63518
9.63518
9.63518
9.63518
9.63518
9.63518
9.63518
9.63518
9.63518
9.63518
9.63518
9.63518
9.63518
9.63518
9.63518
9.63518
9.63518
9.63518
9.63518
9.63518
9.63518
9.63518
9.63518
9.63518
9.63518
9.63518
9.63518
9.63518
9.63518
9.63518
9.63518
9.63518
9.63518
9.63518
9.63518
9.63518
9.63518
9.63518
9.63518
9.63518
9.63518
9.63518
9.63518
9.63518
9.63518
9.63518
9.63518
9.63502
9.63502
9.63502
9.63502
9.63518
9.63518
9.63518
9.63518
9.63518
9.63518
9.63518
9.63518
9.63518
9.63518
9.63518
9.63518
9.63518
9.63518
9.63518
9.63518
9.63518
9.63518
9.63518
9.63518
9.63518
9.63518
9.63518
9.63518
9.63518
9.63518
9.63518
9.63518
9.63518
9.63502
9.63518
9.63518
9.63518
9.63518
9.63518
9.63518
