27.2605
24.8681
24.6155
22.9621
21.6132
20.3542
20.3542
20.0211
19.7029
19.4236
19.3455
18.7069
17.6982
17.1686
16.6742
16.3269
16.3269
16.1018
16.1018
16.1018
15.765
15.6781
15.6781
15.6781
15.6781
15.6781
15.4577
15.4235
15.3733
15.0919
14.9391
14.9391
14.0514
14.0514
14.0514
14.0514
13.3006
13.3006
13.3006
13.2643
13.2643
13.2643
13.2643
13.2643
13.2643
12.9184
12.9603
12.9506
12.9506
12.9506
12.9506
12.8535
12.8535
12.8535
12.5373
12.4799
12.4418
12.4418
12.4418
12.4418
12.3987
12.1685
12.1685
12.4418
12.4418
12.4418
12.4418
12.4418
12.2546
12.2546
12.4418
12.4418
12.2505
12.2505
12.2124
12.2124
12.2124
12.2124
12.2124
12.2124
12.2124
12.2124
12.1643
12.1772
12.2124
12.2124
12.2124
11.8886
11.7356
11.7356
11.7356
11.7356
11.7356
11.7356
11.3998
11.3644
11.3644
11.3644
11.3644
11.3644
11.3644
11.3644
11.1017
11.1017
10.8619
10.8619
10.8619
10.8619
10.8619
10.6303
10.6303
10.5992
10.1278
10.1278
10.1278
10.1278
10.1278
10.1278
9.98786
9.98786
9.98786
9.98786
9.98786
10.1278
10.1278
9.8558
9.8558
9.8558
9.8558
9.8558
9.8558
9.8558
9.83762
9.72554
9.8558
9.72554
9.72554
9.71588
9.71588
9.71588
9.71588
9.71588
9.71588
9.71588
9.71588
9.71588
9.71588
9.71588
9.71588
9.71588
9.71588
9.71588
9.71588
9.71588
9.71588
9.71588
9.71588
9.71588
9.71588
9.71588
9.71588
9.71588
9.71588
9.71588
9.71588
9.71588
9.71588
9.71588
9.71588
9.71588
9.71588
9.71588
9.71588
9.71588
9.71588
9.71588
9.71588
9.71588
9.71588
9.71588
9.71588
9.71588
9.71588
9.71588
9.71588
9.71588
9.71588
9.71588
9.71588
9.71588
9.71588
9.71588
9.71588
9.71588
9.71588
9.71588
9.71588
9.64483
9.71588
9.71588
9.71588
9.71588
9.71588
9.71588
9.71588
9.71588
9.71588
9.71588
9.71588
9.71588
9.71588
9.71588
9.71588
9.71588
9.71588
9.71588
9.71588
9.71588
9.71588
9.71588
9.71588
9.71588
9.71588
9.71588
9.71588
9.71588
9.71588
9.71588
9.71588
9.71588
9.71588
9.71588
9.71588
9.71588
9.71588
9.71588
9.71588
9.71588
9.71588
9.71588
9.71588
9.71588
9.71588
9.71588
9.71588
9.71588
9.71588
9.71588
9.71588
9.71588
9.71588
9.71588
9.71588
9.71588
9.71588
9.71588
9.71588
9.71588
9.63518
9.63518
9.63518
9.63518
9.70378
9.70378
9.71588
9.71588
9.71588
9.71588
9.71588
9.71588
9.71588
9.71588
9.71588
9.71588
9.71588
9.71588
9.71588
9.71588
9.71588
9.71588
9.71588
9.71588
9.71588
9.71588
9.71588
9.71588
9.70817
9.71588
9.71588
9.71588
9.71588
9.71588
9.71588
9.71588
9.71588
9.71588
9.71588
9.71588
9.71588
9.71588
9.71588
9.71588
9.71588
9.71588
9.71588
9.71588
9.71588
9.71588
9.71588
9.71588
9.71588
9.71588
9.71588
9.71588
9.71588
9.71588
9.71588
9.71588
9.71588
9.71588
9.71588
9.71588
9.71588
9.71588
9.71588
9.71588
9.71588
9.71588
9.71588
9.71588
9.71588
9.71588
9.71588
9.71588
9.71588
9.71588
9.71588
9.71588
9.71588
9.71588
9.71588
9.71588
9.71588
9.71588
9.71588
9.71588
9.71588
9.71588
9.71588
9.71588
9.71588
9.71588
9.71588
9.71588
9.71588
9.71588
9.71588
9.71588
9.71588
9.71588
9.71588
9.71588
9.71588
9.71588
9.71588
9.71588
9.71588
9.71588
9.71588
9.71588
9.71588
9.71588
9.71588
9.71588
9.71588
9.71588
9.71588
9.71588
9.71588
9.71588
9.71588
9.71588
9.63518
9.63518
9.63518
9.63518
9.63518
9.63518
9.63518
9.63518
9.63518
9.63518
9.63518
9.63518
9.63518
9.63518
9.63518
9.63518
9.63518
9.63518
9.63518
9.63518
9.63518
9.63518
9.63518
9.63518
9.63518
9.63518
9.63518
9.63518
9.63518
9.63518
9.63518
9.63518
9.63518
9.63518
9.63518
9.63518
9.63518
9.63518
9.63518
9.63518
9.63518
9.63518
9.63518
9.63518
9.63518
9.63518
9.63518
9.63518
9.63518
9.63518
9.63518
9.63518
9.63518
9.63518
9.63518
9.63518
9.63518
9.63518
9.63518
9.63518
9.63518
9.63518
9.63518
9.63518
9.63518
9.63518
9.63518
9.63518
9.63518
9.63518
9.63518
9.63518
9.63518
9.63518
9.63518
9.63518
9.63518
9.63518
9.62746
9.62746
9.62746
9.62746
9.63518
9.63518
9.63518
9.63518
9.63518
9.63518
9.63518
9.63518
9.63518
9.63518
9.63518
9.63518
9.63518
9.63518
9.63518
9.63518
9.63518
9.63518
9.63518
9.63518
9.63518
9.63518
9.63518
9.63518
9.63518
9.63518
9.63518
9.63518
9.63518
9.62746
9.63518
9.63518
9.63518
9.63518
9.63518
9.63518
