0 -0.45951 0.00878588
1 -0.537589 0.00746758
2 -0.590862 0.00622247
3 -0.632992 0.00634431
4 -0.665529 0.00513686
5 -0.69049 0.00470033
6 -0.707009 0.00462059
7 -0.729087 0.00419938
8 -0.74321 0.00338155
9 -0.754219 0.00321703
10 -0.766255 0.00381414
11 -0.770132 0.00319469
12 -0.778898 0.00377172
13 -0.784005 0.0031334
14 -0.779638 0.00363067
15 -0.777282 0.00379038
16 -0.782398 0.00287266
17 -0.782862 0.00362649
18 -0.781947 0.00425859
19 -0.783051 0.00459052
20 -0.782159 0.00430321
21 -0.783134 0.00365788
22 -0.781803 0.00354962
23 -0.78165 0.00373456
24 -0.785799 0.00384912
25 -0.782421 0.00388607
26 -0.788277 0.00348353
27 -0.787263 0.00304314
28 -0.784647 0.00353679
29 -0.786487 0.0037415
30 -0.786666 0.00393217
31 -0.787883 0.00319959
32 -0.790425 0.00353091
33 -0.790661 0.00338491
34 -0.787664 0.00314316
35 -0.790517 0.00306074
36 -0.791308 0.00279121
37 -0.786444 0.00285409
38 -0.785814 0.0022372
39 -0.784679 0.00284292
40 -0.783349 0.00353105
41 -0.782974 0.00385428
42 -0.780426 0.0040041
43 -0.77708 0.00425285
44 -0.779056 0.00384638
45 -0.776736 0.0041054
46 -0.776888 0.00396291
47 -0.777606 0.00427294
48 -0.778583 0.0044728
49 -0.778207 0.00478023
50 -0.779046 0.00435596
51 -0.778724 0.00395867
52 -0.773792 0.00440171
53 -0.781033 0.00460016
54 -0.782941 0.00482809
55 -0.783353 0.00406795
56 -0.784747 0.00413761
57 -0.78672 0.00469798
58 -0.786406 0.00490188
59 -0.784862 0.00443277
60 -0.786448 0.00368146
61 -0.789502 0.00389875
62 -0.786626 0.00438781
63 -0.786994 0.0043358
64 -0.785928 0.0031504
65 -0.782748 0.00311464
66 -0.783477 0.00301453
67 -0.782095 0.00367188
68 -0.781905 0.00383726
69 -0.779499 0.00369776
70 -0.782624 0.00355249
71 -0.780858 0.00355182
72 -0.78189 0.00396128
73 -0.783846 0.00337909
74 -0.780642 0.00364849
75 -0.783681 0.00354532
76 -0.786365 0.00389711
77 -0.782626 0.00444002
78 -0.780567 0.00415469
79 -0.778705 0.00410491
80 -0.778763 0.00400941
81 -0.779304 0.00411464
82 -0.780113 0.00461623
83 -0.783281 0.00325396
84 -0.78289 0.00433602
85 -0.784126 0.00318782
86 -0.781825 0.00326027
87 -0.784234 0.00305845
88 -0.783984 0.00372921
89 -0.775361 0.00371232
90 -0.776847 0.00393931
91 -0.777139 0.00316935
92 -0.77881 0.00318286
93 -0.777659 0.00380388
94 -0.778073 0.00346556
95 -0.77689 0.00270685
96 -0.776091 0.00305446
97 -0.775786 0.0030105
98 -0.776428 0.00399413
99 -0.778893 0.00360924
100 -0.780103 0.00407138
101 -0.779162 0.00437063
102 -0.77865 0.00408373
103 -0.778532 0.00399105
104 -0.779499 0.0040086
105 -0.778999 0.00441808
106 -0.776707 0.00397015
107 -0.775739 0.00459032
108 -0.777785 0.00451976
109 -0.777935 0.00481588
110 -0.782162 0.00469008
111 -0.782191 0.00477866
112 -0.776067 0.00451568
113 -0.777836 0.00376974
114 -0.779654 0.00332148
115 -0.775397 0.00353889
116 -0.776207 0.00331849
117 -0.778598 0.00396685
118 -0.777667 0.00372657
119 -0.777852 0.00380547
120 -0.78085 0.00308646
121 -0.780542 0.00323123
122 -0.777346 0.00303641
123 -0.775683 0.00338599
124 -0.772086 0.00386578
125 -0.775463 0.00397104
126 -0.777794 0.00343216
127 -0.776145 0.00303509
128 -0.777429 0.00345569
129 -0.778796 0.00321073
130 -0.77733 0.00313278
131 -0.77583 0.00342929
132 -0.778306 0.00351593
133 -0.778858 0.00297513
134 -0.777233 0.00225869
135 -0.778228 0.00293102
136 -0.775173 0.0035925
137 -0.776706 0.00360947
138 -0.778053 0.0036397
139 -0.778264 0.00485609
140 -0.778551 0.00439369
141 -0.777525 0.00441723
142 -0.781221 0.00366101
143 -0.780503 0.00452699
144 -0.784409 0.00445119
145 -0.787883 0.00397419
146 -0.786857 0.00414421
147 -0.789077 0.00377545
148 -0.789736 0.00303619
149 -0.787636 0.00362316
150 -0.790021 0.0033689
151 -0.787685 0.00374379
152 -0.785299 0.00392001
153 -0.785737 0.00398966
154 -0.782754 0.00357025
155 -0.785604 0.00315909
156 -0.782989 0.00302967
157 -0.78285 0.00251198
158 -0.779825 0.00257645
159 -0.78322 0.00321145
160 -0.784172 0.00293647
161 -0.783501 0.00389874
162 -0.782745 0.00309484
163 -0.783528 0.00340049
164 -0.784017 0.00398243
165 -0.782627 0.00423615
166 -0.781139 0.00376874
167 -0.780381 0.00377857
168 -0.780652 0.00330469
169 -0.782492 0.00390191
170 -0.783166 0.00361415
171 -0.784704 0.00299051
172 -0.783385 0.00346498
173 -0.781732 0.00293571
174 -0.782269 0.00271852
175 -0.783267 0.00296861
176 -0.782106 0.00353461
177 -0.781915 0.00413859
178 -0.783059 0.00327303
179 -0.781095 0.00297409
180 -0.780157 0.00258528
181 -0.777228 0.0027895
182 -0.779657 0.00302602
183 -0.779866 0.0031068
184 -0.780552 0.00384219
185 -0.783654 0.00373031
186 -0.783759 0.00388724
187 -0.777694 0.00454597
188 -0.77704 0.00517212
189 -0.775205 0.00410202
190 -0.774615 0.00375192
191 -0.774528 0.00358337
192 -0.775329 0.00344796
193 -0.779881 0.00357584
194 -0.775812 0.00384826
195 -0.780028 0.00308405
196 -0.781084 0.00331127
197 -0.781243 0.00274184
198 -0.778074 0.00222259
199 -0.781065 0.00288686
200 -0.77913 0.00253687
201 -0.780355 0.00223658
202 -0.783126 0.0024569
203 -0.784859 0.00306775
204 -0.783442 0.00279148
205 -0.780074 0.00300409
206 -0.779723 0.00306372
207 -0.783376 0.00272274
208 -0.784843 0.00245962
209 -0.782469 0.00258477
210 -0.782017 0.00242331
211 -0.785795 0.00307961
212 -0.784267 0.00318878
213 -0.785445 0.00310406
214 -0.786064 0.00364427
215 -0.781662 0.00376548
216 -0.781439 0.00362611
217 -0.7792 0.00413626
218 -0.780998 0.00468103
219 -0.781888 0.00463332
220 -0.78126 0.00395077
221 -0.77842 0.00345246
222 -0.781524 0.00398528
223 -0.781692 0.00456899
224 -0.78201 0.00380795
225 -0.782375 0.00352742
226 -0.785137 0.00393571
227 -0.781921 0.00352467
228 -0.783037 0.00438801
229 -0.785295 0.00406467
230 -0.786137 0.00372022
231 -0.783146 0.00363313
232 -0.784157 0.00301466
233 -0.781104 0.00335756
234 -0.785392 0.0039159
235 -0.785493 0.00272839
236 -0.781793 0.00368277
237 -0.781659 0.00362798
238 -0.783393 0.00416923
239 -0.782824 0.00402064
240 -0.78048 0.00369328
241 -0.780243 0.00480894
242 -0.777782 0.0038782
243 -0.774351 0.00401888
244 -0.77429 0.00419338
245 -0.780132 0.00438512
246 -0.780698 0.00450871
247 -0.781483 0.00476665
248 -0.77938 0.00427978
249 -0.780059 0.00507493
250 -0.77976 0.00407774
251 -0.778025 0.00422403
252 -0.780693 0.00429913
253 -0.780821 0.00359997
254 -0.778352 0.00312777
255 -0.778717 0.00348089
256 -0.778654 0.00360705
257 -0.780561 0.00368087
258 -0.779123 0.00329676
259 -0.778538 0.00377637
260 -0.778732 0.00421109
261 -0.776126 0.00366259
262 -0.779835 0.00348158
263 -0.782126 0.00377775
264 -0.780499 0.00348598
265 -0.779429 0.00329502
266 -0.78225 0.00341241
267 -0.780853 0.0025001
268 -0.778053 0.00254676
269 -0.777468 0.00304904
270 -0.777323 0.0028803
271 -0.777685 0.00303427
272 -0.782553 0.0033521
273 -0.784618 0.00399455
274 -0.786406 0.00425247
275 -0.786074 0.00477609
276 -0.787202 0.00426471
277 -0.785795 0.00448534
278 -0.786813 0.00345372
279 -0.783749 0.00341267
280 -0.785662 0.00371713
281 -0.783976 0.0035851
282 -0.78337 0.00319155
283 -0.784083 0.00360913
284 -0.789077 0.00357501
285 -0.784216 0.00304275
286 -0.779593 0.00333129
287 -0.777479 0.00376407
288 -0.770461 0.00336545
289 -0.764187 0.00345851
290 -0.759548 0.00353688
291 -0.745379 0.00457361
292 -0.739903 0.0043416
293 -0.721735 0.00515808
294 -0.698647 0.00586557
295 -0.673238 0.00569724
296 -0.641059 0.00562545
297 -0.597815 0.00646277
298 -0.53846 0.00737894
299 -0.453979 0.00687779
