16.7466
16.6189
16.6071
16.6071
15.7909
14.8519
14.8751
14.94
14.269
14.512
14.5263
14.501
13.9604
13.1571
14.0147
14.0147
14.0147
12.4665
12.4665
12.1807
11.0194
9.77751
9.0416
8.9372
9.65026
8.49204
8.49204
8.49204
8.49204
8.49204
9.4323
10.3935
10.3073
10.0714
10.0714
9.13072
10.2857
10.2857
10.4729
10.3049
10.3049
10.2235
8.9368
7.7264
7.7264
7.7264
7.6818
7.91547
7.91547
7.91547
7.49488
7.96503
7.96503
7.96503
7.96503
7.96127
7.7312
7.43806
6.30874
4.91099
4.36993
4.54716
4.67514
3.88774
2.64752
1.94654
1.23926
1.23926
1.23926
1.23926
1.23926
0.968113
1.35272
1.35272
1.53482
1.78086
1.78086
1.25558
1.25558
1.25558
1.09631
1.09631
1.09631
0.394244
0.967013
0.967013
0.967013
0.967013
1.01334
0.552939
0.966372
0.748577
1.13954
1.13954
1.13954
1.13954
0.69349
0.69349
0.69349
0.69349
0.806493
0.806493
0.637247
0.637247
0.637247
0.637247
1.72929
1.72929
1.43564
0.970661
0.421568
0.421568
1.23181
1.23181
0.782235
0.857072
0.857072
0.857072
0.857072
0.857072
1.91562
1.56065
1.56065
1.56065
1.56065
1.56065
1.7581
1.69774
2.42888
2.42888
2.42888
2.46049
2.31686
1.30878
0.94309
0.94309
0.94309
1.15736
0.609388
0.609388
0.614756
0.614756
0.614756
0.614756
0.429111
0.429111
1.08083
1.08083
1.62688
1.62688
1.62688
1.62688
1.62688
1.91558
2.10125
1.90545
1.90545
1.90545
1.90545
1.90545
1.90545
2.05581
2.19469
2.15761
2.18877
2.18877
2.18877
1.39867
1.39867
0.902036
1.29095
1.29095
1.32951
1.38362
1.40967
1.66217
1.00536
0.861836
0.861836
0.861836
0.346264
0.327623
0.327623
0.327623
0.327623
0.327623
0.327623
0.327623
1.2082
1.02576
1.02576
1.02576
1.02576
1.02576
1.0669
1.0669
1.0669
2.32128
2.32128
2.32128
2.32128
1.72207
1.72207
1.72207
1.75907
1.75907
1.75907
1.89864
1.89864
2.147
2.147
2.147
2.147
2.00108
1.76204
1.76204
1.76204
1.76204
1.76204
1.13292
1.13292
0.77002
0.708868
0.708868
0.892126
0.892126
0.892126
0.593598
0.593598
0.593598
0.948405
0.948405
0.948405
0.948405
1.54023
1.54023
1.54023
1.54023
1.21143
1.44454
1.8471
1.8471
0.667373
0.667373
0.762797
0.762797
0.762797
0.762797
0.762797
1.17102
1.17102
1.00445
1.00445
1.00445
0.941474
0.941474
0.941474
1.83882
2.69045
2.55613
2.5206
2.52036
3.41735
3.41735
2.73276
2.45094
2.60228
3.61827
3.61827
3.61827
3.61827
2.98119
3.22884
2.20653
1.76957
1.12204
0.47982
0.994673
0.994673
0.492155
0.492155
0.492155
0.492155
1.148
1.148
1.148
1.148
2.03452
2.95899
2.83178
2.20667
2.43639
2.43639
1.8752
1.83
1.83
1.03947
1.58132
1.58132
2.09314
1.55874
1.35254
1.35254
1.35254
1.35254
1.14407
1.33894
1.33894
1.33894
1.47792
1.47792
2.48284
2.98076
2.98076
3.24458
2.32825
1.15265
1.15265
1.18186
1.18186
1.18186
1.15003
1.15003
2.19596
1.37773
1.37773
1.53119
1.22022
1.59912
1.53954
1.7703
1.83049
3.05579
2.62103
2.87255
2.87255
2.98394
2.84032
3.14891
3.14891
2.76774
2.76774
2.75162
3.78105
3.78105
3.38399
3.38399
3.50883
3.73643
3.61393
3.61393
2.93868
2.0412
2.32686
2.32686
2.06722
1.86019
1.03538
1.03538
0.577525
0.577525
0.577525
1.37836
1.161
1.161
1.161
0.994854
1.13621
1.13621
1.13621
1.13621
0.875919
0.875919
0.705976
0.705976
0.333686
0.333686
0.333686
0.333686
0.333686
0.333686
0.623901
0.623901
0.623901
0.623901
0.623901
0.962836
0.962836
0.776262
0.570994
0.963394
1.138
0.386701
1.06443
1.06443
1.08312
1.08312
1.03846
1.42893
1.21648
1.21648
1.52585
1.52585
2.08477
2.08477
2.08477
1.98132
1.98132
1.98132
1.98132
1.96521
1.1441
1.00213
1.10045
1.15996
1.15996
1.15996
0.586296
0.586296
0.586296
0.586296
0.586296
0.586296
0.437264
0.437264
0.437264
0.9494
0.9494
0.9494
0.9494
1.07243
1.07243
1.07243
1.07243
1.07243
1.07243
1.07243
1.07243
1.42198
1.42198
0.775351
0.775351
1.08211
1.08211
1.42575
1.81687
2.27387
2.50814
2.02024
2.02024
2.57201
2.47837
2.47837
2.47837
2.36951
2.18185
2.09797
2.09797
2.47819
2.47819
2.40833
2.40833
2.40833
1.59162
1.53909
1.86291
2.1048
1.98015
2.32632
2.32632
2.01562
2.47738
1.64521
1.64521
1.64521
2.22695
2.83007
2.83007
2.3369
1.79208
1.10239
1.10239
0.953927
0.953927
0.953927
0.953927
0.568767
1.0213
1.55335
2.25955
1.72342
2.27008
2.27008
2.2147
2.2147
2.2147
1.61574
1.61574
2.04159
