1.53933
1.69028
1.69028
1.16291
1.01597
0.327934
0.327934
0.566385
0.672899
0.81652
1.12206
1.11132
1.5132
1.29712
0.863163
0.863163
0.863163
0.863163
0.738465
0.657276
0.657276
0.657276
0.657276
0.657276
0.657276
0.657276
0.412242
0.412242
0.412242
0.412242
0.412242
0.412242
0.412242
0.412242
1.37722
2.09129
2.09129
1.50625
1.50625
1.74113
1.93523
1.57115
1.57115
1.48289
1.25491
1.77431
1.77431
1.68899
1.68899
1.68899
1.68899
1.01983
0.856534
0.856534
0.998771
0.998771
0.998771
0.998771
0.278553
0.278553
0.278553
0.278553
1.46587
1.06037
1.06037
1.06037
1.05697
1.05697
1.62474
1.62474
1.80033
1.80033
1.84757
1.9608
1.9608
1.9608
1.46042
1.46042
1.46042
1.46042
1.46042
1.46042
1.61216
2.1687
1.67784
1.05466
1.2934
2.05566
2.1243
2.16338
3.1911
3.07926
3.07926
3.07926
3.07926
3.07926
3.07926
2.99494
2.52339
2.43603
2.14039
2.14039
2.14039
3.18317
2.69742
2.76316
2.76316
2.15436
1.0527
1.0527
1.0527
0.848347
0.848347
0.848347
0.754893
1.3062
1.96266
0.893166
0.893166
1.19461
1.19461
1.19461
1.21785
1.27602
1.12008
1.57197
1.57197
0.609229
0.605911
0.483982
0.483982
0.744497
0.744497
0.744497
0.809563
0.87917
1.12746
1.18646
1.59032
1.59032
1.59032
1.59032
1.05801
0.787937
1.19788
1.68542
1.68542
2.5202
2.25734
1.06982
1.06982
1.35646
1.192
0.928879
0.928879
1.09837
1.52019
1.52019
1.42223
1.42223
1.42223
1.42223
1.42223
1.42223
1.04431
1.04431
0.3138
0.3138
0.3138
0.3138
0.3138
1.12929
1.12929
0.795924
0.402826
0.402826
0.402826
1.60423
1.60423
2.66491
2.66491
2.12718
2.81054
2.81054
2.53586
2.53586
2.53586
2.53586
2.61451
2.24344
1.9121
2.31682
3.38838
3.86625
3.86625
3.0391
2.7459
2.7459
2.7459
2.68051
2.84189
2.84189
2.52107
2.52107
2.30076
1.42015
1.42015
1.71429
0.925085
0.925085
0.925085
0.925085
0.925085
0.848587
0.779324
0.779324
0.779324
0.779324
0.779324
0.779324
1.06568
1.47665
1.47665
1.68038
1.71891
1.71891
1.71891
1.71891
1.25915
0.650277
0.650277
0.650277
0.889663
1.20434
1.20434
1.20434
1.20434
0.599655
1.32952
1.92855
1.92855
2.41035
3.12377
3.12377
3.27109
4.18573
4.18573
4.18573
3.37694
3.23609
3.23609
2.84428
2.84428
2.17816
2.16839
1.6155
1.6155
0.918475
0.918475
1.46967
1.18514
2.0593
2.0593
1.69907
1.45862
1.85417
3.05254
3.05254
3.05254
3.05254
3.03014
3.30058
2.56167
1.68314
1.16967
0.950519
1.71693
1.71693
1.10204
1.10204
1.04038
1.01938
1.01938
0.41243
0.41243
1.87417
2.72137
2.97914
3.08211
1.85323
1.85323
2.15956
2.15956
1.89524
2.5876
2.5876
3.26299
3.38415
3.98478
3.52433
2.84273
2.84273
2.84273
2.84273
2.90436
2.38721
2.38721
2.91123
3.06398
3.06398
4.06215
4.4456
4.4456
4.70281
3.72043
2.57479
2.57479
2.48042
2.48042
2.3258
2.55803
2.55803
2.55803
1.85226
1.85226
1.85226
1.97297
1.89227
1.89227
2.14682
3.1902
4.06955
3.66557
3.11117
3.11117
3.11296
2.40194
2.60437
2.60437
2.83396
2.83396
1.82046
2.74577
2.74577
2.64735
2.64735
2.44878
1.64659
1.64659
1.64659
1.74431
0.939239
1.302
1.302
1.0904
1.0904
1.00681
1.31686
1.31686
1.5877
1.5877
0.958865
0.958865
0.958865
0.958865
0.679209
1.53009
1.55783
2.14752
2.53823
2.81708
1.54003
1.54003
1.54003
1.54003
1.54003
1.19164
1.19164
1.72974
1.72974
0.752784
0.441923
1.13019
0.829827
0.829827
1.44985
1.44985
0.875536
1.06524
1.20033
1.20033
1.20033
1.20033
0.603996
0.798724
0.798724
0.764097
0.764097
0.764097
0.955533
0.955533
0.955533
1.16175
1.16175
1.0668
0.877745
0.877745
0.877745
0.877745
0.877745
0.81678
1.00895
1.00895
1.13129
1.13129
1.11636
1.11636
1.59766
1.13171
1.13171
1.13171
1.58667
1.41154
1.24058
1.32256
0.917976
0.917976
0.174789
0.174789
0.174789
1.18481
1.24771
1.24771
1.24771
0.983986
0.516791
1.14391
1.29965
1.78242
1.42526
1.69584
1.84789
1.84789
1.84789
1.50932
0.779385
1.08708
1.16149
1.16149
1.04195
1.04195
1.04195
1.04195
1.04195
1.20747
1.20747
1.20747
1.20747
1.20747
1.77073
1.77073
0.826193
0.665923
0.665923
1.10375
0.70281
0.70281
0.70281
0.70281
0.745933
0.745933
0.584523
0.584523
1.50311
1.51087
2.94039
1.98019
2.29037
1.59375
1.59375
1.24445
1.24445
0.528201
0.528201
0.528201
1.00184
1.00184
1.00184
0.92948
0.92948
0.92948
0.815329
0.815329
0.815329
0.935253
0.935253
0.935253
0.897608
0.897608
