34.2054
33.9894
37.0897
35.8663
35.7467
37.4441
40.216
39.1746
38.0174
37.3313
35.992
36.7108
32.5134
32.5134
31.3466
31.3466
30.2245
30.2245
29.6814
28.2551
28.2551
28.7849
28.7849
29.0204
26.3914
26.3914
26.3914
26.3914
25.8683
23.4069
22.6828
22.7825
22.7052
23.3163
23.4774
24.8682
23.3758
23.8238
26.0427
23.8339
22.4442
23.0692
24.2635
25.405
25.405
25.1412
25.1124
23.0225
23.0225
23.0225
22.3453
22.3453
21.0195
20.2016
20.2016
22.206
22.4623
22.4623
22.4623
21.8416
21.6032
20.5469
20.6476
21.0739
19.1443
18.7561
18.7561
16.1993
16.1993
16.1993
13.5842
13.5842
13.1565
11.3799
10.4178
10.4178
9.21181
9.21181
7.68689
6.76537
4.20401
3.77057
3.77057
3.77057
3.77057
1.59622
4.44868
5.23949
6.29324
6.29324
6.29324
7.30834
8.56089
9.59874
7.8065
7.09998
7.77105
8.1583
8.1583
8.1583
6.99888
5.75916
5.59814
5.59814
3.56087
3.56087
3.56087
4.61161
5.30005
5.13022
1.83646
2.10165
4.61712
4.61712
2.2677
2.2677
2.92261
2.92261
3.57503
3.57503
3.57503
4.39956
3.29857
2.66279
2.66279
3.23836
3.18367
3.18367
2.74452
3.94105
3.25037
3.10406
2.831
2.831
3.7385
3.7385
3.7385
3.7385
6.59644
6.59644
6.47126
6.47126
8.12442
8.12442
7.25528
7.25528
5.96776
5.73904
6.37601
6.42449
6.42449
6.48223
6.15723
6.54842
6.54842
8.13287
8.13287
8.59566
8.59566
5.75008
3.57424
3.57424
3.57424
5.79761
5.79761
9.01441
9.52914
9.61677
9.61677
9.61677
9.61677
9.61677
8.61803
10.6816
10.4027
10.4027
9.57349
9.57349
9.32526
9.32526
8.28921
8.28921
6.18733
6.13214
5.44171
5.44171
5.16097
2.46327
3.54594
2.02279
2.10027
2.10027
1.5859
1.5859
3.63082
3.63082
3.63082
3.3264
3.3264
3.3264
3.3264
2.32094
2.32094
3.2967
2.55304
2.55304
2.55304
2.55304
2.55304
2.55304
1.85579
3.76563
3.76563
3.76563
5.2179
2.36594
2.36594
2.36594
2.36594
2.36594
2.36594
2.36594
1.39542
1.39542
1.39542
1.39542
1.39542
1.39542
1.82482
1.82482
1.82482
1.82482
4.07909
5.43974
3.41871
3.41871
5.10089
4.36296
2.9943
4.63978
4.63978
4.63978
4.63978
4.40421
4.40421
4.40421
4.17548
4.17548
2.83239
3.93222
3.93222
3.93222
4.41332
2.59843
2.59843
2.59843
2.59843
2.59843
2.59843
2.59843
2.11409
2.11409
2.11409
2.11409
2.11409
2.11409
2.11409
2.11409
2.17694
2.17694
2.17694
2.17694
3.9701
3.9701
3.9701
3.9701
5.90406
4.07961
3.89202
4.3013
4.3013
6.51672
6.46858
7.95872
5.81793
3.3093
3.3093
4.77284
4.77284
3.94379
1.59109
2.42845
2.42845
2.43663
2.49948
2.49948
2.49948
2.49948
3.17116
4.69802
4.69802
4.69802
5.37304
3.8419
3.8419
4.59477
4.46477
4.46477
2.93849
2.93849
2.93849
2.93849
2.93849
4.70783
4.70783
5.34408
5.58054
6.58267
6.15045
6.15045
4.00133
4.22517
3.69227
4.016
4.7877
5.15568
3.99386
3.99386
3.07321
3.07321
3.07321
2.81089
2.81089
2.81089
2.81089
2.81089
2.81089
2.81089
2.81089
1.48506
3.1149
3.1149
3.1149
3.1149
3.1149
2.91749
2.91749
2.91749
2.91749
2.5775
2.5775
3.15995
4.13897
4.13897
3.89069
3.89069
3.89069
6.03991
6.56334
3.255
3.255
3.255
3.255
2.90811
2.90811
4.96077
5.73692
5.73692
6.02882
6.02882
6.27143
6.27143
6.53084
6.53084
6.53084
6.76385
6.76385
6.76385
6.38027
5.70399
5.70399
5.70399
5.70399
5.75244
5.75244
4.83962
6.74168
6.74168
6.74168
5.03522
5.03522
4.78151
3.12926
1.05783
2.03259
2.03259
3.98982
5.07746
5.07746
5.07746
5.07746
6.07745
6.07745
6.62406
6.88801
4.05191
5.83011
5.83011
5.34855
6.72519
6.72519
6.72519
6.72519
6.72519
6.72519
5.67573
4.04977
6.03277
5.84417
5.84417
5.84417
6.12307
6.12307
6.19476
6.19476
6.19476
6.69896
5.80512
6.54021
6.54021
7.28458
7.28458
6.43914
6.43914
6.43914
6.93334
6.95355
5.57067
4.16904
4.16904
4.16904
4.16904
4.16904
4.52415
2.43586
3.01541
3.01541
2.43721
2.13195
4.46048
2.0479
4.88093
4.27502
3.93622
3.93622
4.88076
4.88076
4.88076
4.88076
6.82907
6.82907
5.47025
5.13495
5.13495
6.37293
5.75833
5.75833
5.75833
6.58398
6.58398
5.83928
7.2601
6.17217
5.56184
4.23145
4.46029
6.91094
6.91094
6.32281
3.98623
5.09154
5.28678
4.00977
4.00977
5.15885
6.34102
4.86872
3.68059
3.32223
3.32223
3.32223
3.456
4.23701
4.23701
1.6182
1.6182
2.86503
2.86503
3.43867
