5.19615
1.27499
1.27499
0.6438
2.40974
2.40974
2.40974
1.53933
3.70254
3.70254
1.78172
1.78172
1.77371
3.08527
3.08527
3.08527
3.25955
3.25955
5.18988
5.18988
5.18988
5.18988
5.047
2.74778
3.6322
1.03417
2.36464
2.36464
2.36464
2.36464
2.36464
2.36464
2.36464
2.36464
2.36464
4.62632
4.62632
4.10823
7.03183
6.21165
7.09539
6.10023
6.10023
6.10023
6.10023
6.10023
4.87979
4.57038
4.75901
4.04657
3.22545
3.22545
3.22545
2.71529
2.71529
4.9248
4.13286
4.13286
2.96855
2.96855
3.68292
3.96914
3.96914
3.96914
3.96914
1.53589
1.53589
1.53589
1.53589
1.53589
2.93687
2.93687
2.93687
2.93687
2.48351
2.48351
2.48351
2.48351
2.48351
2.48351
1.41103
1.41103
1.41103
1.41103
2.54933
3.98194
4.61439
4.61439
4.61439
4.61439
5.57863
5.57863
5.57863
6.69149
5.89135
3.99129
3.99129
3.9391
3.9391
3.9391
6.29168
3.74618
3.22298
3.22298
3.22298
4.02242
5.02572
4.57077
6.44005
6.44005
5.88126
6.29824
6.29824
6.29824
6.00392
6.31724
5.53045
5.53045
8.41654
8.41654
8.75081
8.75081
8.75081
8.75081
10.8431
13.3271
13.3271
13.3271
11.2085
11.6718
11.1602
8.42217
8.56526
6.98115
8.68694
9.41034
9.41034
9.41034
9.41034
10.9033
11.9841
10.3214
9.45062
9.45966
10.1169
9.05724
8.39055
8.39055
10.347
11.0716
11.0716
10.5237
9.99897
7.52712
7.16541
8.2424
8.2424
8.55803
8.55803
9.24193
9.24193
10.8119
10.8119
9.56282
8.95467
8.94279
7.65554
6.50652
6.50652
4.81954
4.81954
4.81954
4.1276
5.12777
2.64618
2.33835
2.33835
2.33835
2.33835
2.33835
2.33835
2.33835
2.33835
2.33835
3.55992
4.40848
2.66743
2.66743
3.07272
3.07272
4.25202
4.25202
4.27945
4.27945
4.27945
1.9252
1.9252
4.41909
4.41909
3.79712
3.78918
3.78918
3.78918
3.78918
3.78918
3.17284
3.17284
3.17284
4.22194
2.63498
2.63498
1.94639
1.94639
1.94639
1.94639
1.94639
1.94639
1.94639
2.97445
2.6713
2.6713
3.30717
4.36647
4.36647
7.06156
7.06156
6.23049
6.23049
6.23049
5.92999
5.92999
3.76864
3.76864
3.76864
3.76864
3.76864
3.76864
3.76864
3.76864
3.89195
3.89195
4.8519
4.41173
2.08889
4.74874
3.68618
4.82978
5.20352
4.64533
5.66625
5.18595
5.35341
6.22811
6.22811
8.67118
5.59535
6.14331
6.14331
6.14331
6.14331
6.14331
5.14496
4.15462
4.53314
4.53314
4.53314
3.69885
3.69885
3.69885
3.69885
5.03298
5.03298
5.03298
6.25278
6.25278
6.25278
4.28421
3.46955
3.28101
3.28101
3.28101
3.44263
3.44263
5.10961
5.10961
5.10961
5.10961
4.65993
5.02989
4.62589
4.62589
5.22318
4.27799
4.27799
4.27799
4.89586
4.89586
4.89586
4.89586
4.82204
4.60811
6.5253
6.43823
6.43823
5.08378
5.22161
3.83379
3.83379
5.99197
7.17224
5.70645
5.70645
5.70645
5.70645
5.70645
4.97865
6.41378
6.41378
6.41378
6.41378
3.58887
4.36346
4.36346
4.87121
6.76101
6.76101
8.06231
8.06231
5.20314
2.77009
3.53341
3.53341
3.53341
3.53341
3.53341
3.53341
3.53341
3.53341
3.53341
3.53341
2.81787
2.81787
2.81787
2.81787
2.81787
4.99564
4.99564
3.84649
3.84649
2.23271
2.23271
5.56162
4.68029
5.47559
5.47559
6.18679
6.18679
7.74964
4.68546
2.97161
2.40631
2.40631
2.40631
2.50133
4.24058
5.49341
5.4361
5.4361
4.43975
4.43975
4.43975
0.59368
0.59368
4.12925
4.12925
4.12925
3.23566
4.10582
4.10582
5.2452
6.12575
5.16224
5.16224
5.16224
5.16224
5.16224
5.16224
6.72882
4.74145
3.13585
3.13585
5.04652
5.04652
3.75119
3.75119
3.75119
3.75119
3.75119
3.5021
3.5021
5.05636
5.05636
3.97244
3.65875
3.65875
3.29877
3.29877
3.554
5.33521
5.33521
4.63571
4.63571
4.97596
4.97596
5.68453
7.49208
5.77062
5.77062
5.77062
4.92211
4.92211
5.22677
5.22677
5.22677
5.22677
5.49329
5.49329
6.9721
8.53638
8.30259
8.30259
7.38224
7.17738
7.51128
7.9459
5.66909
5.66909
5.66909
5.66909
5.66909
5.66909
5.66909
5.66909
5.3627
5.3627
4.33025
4.33025
4.33025
4.85553
3.39908
4.01669
4.05977
5.08177
5.08177
5.04567
3.81899
5.15972
5.65703
3.53948
3.44675
3.44675
6.02976
4.70057
4.70057
3.43249
3.1249
3.1249
3.1249
3.1249
3.1249
3.1249
2.12847
3.49509
3.49509
3.49509
3.49509
2.15958
2.15958
2.15958
2.15958
2.15958
2.15958
2.47502
2.47502
2.29278
2.29278
2.29278
2.29278
2.29278
2.29278
2.29278
1.94476
1.94476
1.94476
1.64939
1.83751
3.37381
3.37381
3.62238
