35.4915
34.7654
33.9178
31.7671
31.2609
29.8888
28.416
26.1973
24.8255
24.4996
23.0438
22.727
22.6694
22.5742
22.1959
21.3617
20.8655
20.7145
20.5663
20.2887
19.9079
19.5496
19.2162
18.91
18.6292
18.2872
17.9873
17.4746
17.1413
16.9743
16.5858
16.1625
15.7955
15.7534
15.6383
15.3944
14.8334
14.5724
14.5724
14.5485
14.5222
14.3138
13.9127
13.1323
12.814
12.756
12.7793
12.78
12.7737
12.7634
12.7182
12.6692
12.4857
12.1014
11.5412
11.5164
11.5147
11.5147
11.5159
11.5167
11.5161
11.5167
11.5171
11.5157
11.5144
11.515
11.517
11.5162
11.5171
11.5182
11.5167
11.5118
11.5085
11.5007
11.4446
11.4147
11.4092
11.2572
10.8601
9.97879
9.97879
9.97879
9.97079
9.96383
9.92445
9.86285
9.64039
9.09508
8.82172
8.80538
8.82496
8.81399
8.80411
8.7925
8.78969
8.77868
8.77682
8.77466
8.77515
8.76401
8.75138
8.71764
8.71578
8.71662
8.71053
8.6999
8.65966
8.64621
8.63077
8.6302
8.62846
8.62817
8.6273
8.6261
8.62615
8.62673
8.62701
8.62703
8.62688
8.62659
8.62818
8.61636
8.60877
8.61008
8.61418
8.62034
8.62281
8.62129
8.61367
8.60069
8.59315
8.59242
8.60214
8.58312
8.56688
8.55515
8.55593
8.56031
8.55653
8.5519
8.55923
8.56909
8.57352
8.56023
8.54194
8.53672
8.52724
8.52594
8.52711
8.52906
8.52921
8.52906
8.52235
8.51042
8.49755
8.4771
8.45517
8.37589
8.33969
8.33908
8.26762
8.23932
8.14323
8.08948
8.00347
7.94767
7.92231
7.85123
7.78338
7.7385
7.73481
7.73449
7.72963
7.73031
7.73059
7.73156
7.73064
7.73019
7.72892
7.73029
7.72929
7.73145
7.73064
7.73099
7.73057
7.72897
7.73069
7.72573
7.72573
7.72573
7.71778
7.6833
7.63697
7.57636
7.53397
7.44638
7.39394
7.39247
7.39354
7.39105
7.3884
7.39101
7.38702
7.39001
7.39426
7.39471
7.39247
7.39247
7.39695
7.39695
7.39695
7.3968
7.38501
7.33831
7.26322
7.2229
7.10651
6.83325
6.82108
6.815
6.815
6.815
6.815
6.815
6.815
6.81452
6.815
6.81499
6.81499
6.80941
6.79995
6.76777
6.74976
6.73145
6.69174
6.60894
6.54787
6.53727
6.53727
6.53727
6.53727
6.53727
6.53727
6.53727
6.53727
6.53727
6.53643
6.53559
6.53559
6.53643
6.53559
6.5339
6.53222
6.52716
6.52548
6.5241
6.528
6.53222
6.53376
6.53489
6.53448
6.53475
6.53475
6.53335
6.5339
6.53306
6.53343
6.52921
6.53126
6.52483
6.51503
6.50551
6.50394
6.49459
6.49459
6.49355
6.49347
6.49292
6.49459
6.49234
6.49347
6.49459
6.49459
6.49514
6.49326
6.49326
6.4934
6.49166
6.49166
6.48992
6.49171
6.49006
6.48837
6.49174
6.48836
6.48331
6.48051
6.49007
6.49007
6.49007
6.48107
6.48669
6.48669
6.48058
6.47148
6.4467
6.44962
6.43939
6.42529
6.41997
6.41065
6.41065
6.41065
6.41065
6.41017
6.41065
6.41065
6.41065
6.41065
6.41065
6.41065
6.41065
6.41065
6.41065
6.41065
6.41065
6.41065
6.41065
6.41065
6.41065
6.41065
6.41065
6.41065
6.41065
6.41065
6.41024
6.41065
6.40982
6.40648
6.40482
6.40482
6.40732
6.40732
6.40648
6.40731
6.40732
6.40717
6.40898
6.40815
6.40632
6.40397
6.4048
6.40563
6.4073
6.40648
6.40898
6.40981
6.40981
6.40982
6.40982
6.41065
6.41051
6.41051
6.41065
6.41065
6.41065
6.41065
6.41065
6.41065
6.41065
6.41065
6.41065
6.41065
6.41065
6.41065
6.41065
6.41065
6.41065
6.41065
6.41049
6.41036
6.41007
6.41007
6.41021
6.40992
6.40992
6.41051
6.41065
6.41065
6.41065
6.41065
6.41065
6.40982
6.40982
6.40982
6.40982
6.41065
6.41065
6.41065
6.41065
6.41065
6.41065
6.41065
6.41065
6.41065
6.41065
6.41065
6.41017
6.41017
6.41017
6.41065
6.41065
6.41065
6.41065
6.41065
6.41065
6.41065
6.41017
6.41065
6.41064
6.41064
6.41064
6.4089
6.40715
6.40368
6.40368
6.40367
6.40193
6.40193
6.39497
6.39323
6.37988
6.37583
6.37061
6.37236
6.35669
6.34278
6.34626
6.33408
6.32539
6.32365
6.32365
6.32365
6.32365
6.32365
6.32365
6.32365
6.32365
6.32365
6.32365
6.32365
6.32364
6.32364
6.3235
6.32365
6.32364
6.32364
6.32364
6.32364
6.32364
6.32281
6.32281
6.32364
6.32364
6.32229
6.32093
6.3177
6.31572
6.31322
6.30905
6.3055
6.30962
6.30936
6.30717
6.31248
6.31143
6.311
6.31143
6.31143
6.30769
6.30831
6.3056
6.29736
6.29841
6.29886
6.297
6.28752
6.28993
6.28536
6.28198
6.28198
6.28198
6.28198
6.28198
6.28198
6.28198
6.28198
6.28198
6.28198
6.28157
6.28198
6.28198
6.28198
6.28198
6.28198
6.28198
6.28198
6.28198
6.28198
6.28198
6.28198
6.28198
6.28198
6.28198
6.28198
6.28198
6.28198
6.28198
6.28198
6.28198
6.28198
6.28198
6.28198
6.28149
6.28134
6.28198
6.28183
6.28154
6.2814
6.28067
6.28009
6.27994
6.2795
6.27907
6.27979
6.27907
6.27936
6.27907
6.28117
6.28127
6.28236
6.28363
6.28544
6.28529
6.28284
6.27907
6.28128
6.27793
6.2799
6.2824
6.2779
6.27805
6.27834
6.27849
6.28088
6.27965
6.27921
6.27892
6.27878
6.27892
6.28197
6.28052
6.28067
6.28023
6.28038
6.28081
6.28081
6.28052
6.28023
6.28081
6.28081
6.27994
6.27994
6.27994
6.2795
6.28067
6.2814
6.28154
6.2814
6.2814
6.28125
6.28154
6.28154
6.2814
6.28125
6.28081
6.2811
6.28096
6.2811
6.28169
6.28169
6.28169
6.28154
6.2811
6.2811
6.2814
6.28183
6.28149
6.281
6.28003
6.27954
6.27954
6.2771
6.27662
6.27418
6.27369
6.27467
6.27564
6.27662
6.27515
6.27662
6.27515
6.27272
6.26979
6.26687
6.26687
6.26638
6.26736
6.26931
6.26882
6.26687
6.26526
6.26658
6.26887
6.26984
6.27067
6.26887
6.2677
6.26833
6.2701
6.26877
6.26669
6.26589
6.26687
6.26882
6.27077
6.26931
6.26979
6.27077
6.26939
6.27223
6.26979
6.27126
6.27126
6.26979
6.27174
6.27028
6.26979
6.26394
6.26736
6.26638
6.26443
6.26346
6.262
6.26638
6.262
6.26005
6.26005
6.25956
6.25761
6.25956
6.2581
6.25761
6.25761
6.25761
6.25761
6.25761
6.25761
6.25761
6.25761
6.25761
6.25761
6.25761
6.25761
6.25761
6.25761
6.25761
6.25761
6.25761
6.25761
6.25761
6.25761
6.25761
6.25761
6.25761
6.25761
6.25761
6.25761
6.25761
6.25761
6.25761
6.25761
6.2572
6.25679
6.25761
6.25761
6.25761
6.25761
6.25761
6.25761
6.25761
6.25761
6.25761
6.25761
6.25761
6.25761
6.25761
6.25761
6.25761
6.25761
6.25761
6.25746
6.25746
6.25746
6.25732
6.25746
6.25746
6.25732
6.25746
6.25746
6.25746
6.25746
6.25732
6.25703
6.25717
6.25703
6.25761
6.25761
6.25761
6.25761
6.25761
6.25761
6.25761
6.25761
6.25761
6.25746
6.25761
6.25761
6.25761
6.25761
6.25761
6.25761
6.25761
6.25761
6.25761
6.25761
6.25761
6.25761
6.25761
6.25761
6.25761
6.25761
6.25761
6.25761
6.25761
6.25761
6.25761
6.25746
6.25746
6.25717
6.25717
6.25717
6.25761
6.25761
6.25761
6.25761
6.25761
6.25761
6.25761
6.25761
6.25761
6.25761
6.25761
6.25761
6.2572
6.25761
6.25761
6.25761
6.25761
6.25761
6.25761
6.25761
6.25761
6.25761
6.25761
6.25761
6.25746
6.25761
6.25761
6.25761
6.25761
6.25761
6.25761
6.25761
6.25761
6.25761
6.25761
6.25761
6.25761
6.25761
6.25746
6.25746
6.25746
6.25761
6.25761
6.25761
6.25761
6.25761
6.25761
6.25761
6.25761
6.25761
6.25761
6.25761
6.25761
6.25761
6.25761
6.25761
6.25761
6.25761
6.25761
6.25761
6.25761
6.25761
6.25761
6.25761
6.25761
6.25761
6.25761
6.25761
6.25761
6.25761
6.25761
6.25761
6.25761
6.25761
6.25761
6.25761
6.25761
6.25761
6.25761
6.25761
6.25761
6.25746
6.25746
6.25746
6.25732
6.25703
6.25674
6.25586
6.25659
6.25659
6.25615
6.25659
6.25688
6.25688
6.25703
6.25674
6.25674
6.25688
6.25674
6.25703
6.25659
6.25644
6.25615
6.25659
6.25572
6.25499
6.25455
6.25412
6.25383
6.25426
6.25426
6.25368
6.25324
6.25441
6.25295
6.25339
6.25397
6.25455
6.25383
6.25412
6.25295
6.25164
6.25193
6.25077
6.25033
6.25048
6.25048
6.25033
6.25033
6.25033
6.25062
6.25033
6.25033
6.25033
6.25033
6.25033
6.25033
6.24993
6.25033
6.25033
6.25033
6.25033
6.25033
6.25033
6.24993
6.25033
6.25033
6.25033
6.25033
6.25033
6.25033
6.25033
6.25033
6.25033
6.25033
6.25033
6.25033
6.25033
6.25033
6.25033
6.25033
6.25033
6.25033
6.25033
6.25033
6.25033
6.25033
6.25033
6.25033
6.25033
6.25033
6.25033
6.25048
6.25033
6.25106
6.25033
6.25033
6.25033
6.25048
6.25033
6.25033
6.25033
6.25033
6.25033
6.25033
6.25033
6.25033
6.25033
6.25033
6.25033
6.25033
6.25033
6.25033
6.24993
6.25033
6.25033
6.25033
6.25033
6.25033
6.25033
6.25033
6.25033
6.25033
6.25033
6.25033
6.25033
6.25033
6.25033
6.25131
6.25431
6.25188
6.25488
6.25204
6.24911
6.24911
6.24911
6.24911
6.24667
6.24789
6.24585
6.24463
6.24219
6.24178
6.24178
6.24097
6.24178
6.24219
6.24178
6.24015
6.23771
6.24097
6.24341
6.243
6.24463
6.24545
6.24545
6.24545
6.24708
