33.7697
31.812
31.812
29.9924
28.4996
26.139
24.875
24.875
22.777
22.6389
22.6389
22.386
20.988
20.988
20.5462
20.4081
20.1962
19.791
19.6529
19.0963
18.7508
18.616
18.2789
18.2789
18.2789
17.0166
16.6163
16.4782
15.8173
15.8173
15.5703
15.5192
15.4975
14.5724
14.5724
14.5724
14.5724
14.5721
14.5721
13.375
13.375
12.7822
12.7822
12.7822
12.7822
11.6148
12.6916
12.6916
12.5614
12.5614
11.5147
11.5147
11.5147
11.3493
11.5147
11.5147
11.5147
11.5147
11.5147
11.5147
11.5147
11.5147
11.5147
11.4139
11.4139
11.4139
11.4139
11.4139
11.4139
11.4743
11.4139
11.4139
11.4064
11.4064
9.97879
9.97879
9.97879
9.97879
9.97879
9.97879
9.97879
9.97879
9.58614
9.58614
8.81134
8.81134
8.81134
8.81134
8.75426
8.57014
8.81134
8.62943
8.62943
8.62943
8.62943
8.62943
8.62943
8.63164
8.63164
8.63164
8.63164
8.63164
8.63164
8.63164
8.61718
8.61718
8.57476
8.61718
8.61718
8.61718
8.61717
8.61717
8.61717
8.61717
8.61718
8.61717
8.61717
8.61717
8.6099
8.6099
8.6099
8.37247
8.36512
8.37247
8.37247
8.541
8.541
8.52654
8.52654
8.52654
8.52654
8.52654
8.52654
8.52654
8.52654
8.52653
8.52509
8.52654
8.51926
8.51926
8.51926
8.51925
8.51926
8.51926
8.51925
8.51925
8.51925
8.51925
8.51925
8.51895
8.51925
8.51925
8.27448
8.06609
8.05162
8.14226
8.14226
8.06609
8.05162
7.80438
7.80438
7.80438
7.73368
7.73368
7.73368
7.73368
7.73368
7.71067
7.71085
7.71085
7.71344
7.71085
7.71085
7.71085
7.71085
7.71085
7.71085
7.71085
7.71085
7.71085
7.69155
7.71085
7.71085
7.71085
7.71085
7.71085
7.71085
7.37671
7.39695
7.39695
7.39695
7.39695
7.37671
7.37671
7.37394
7.37671
7.37671
7.37671
7.37394
7.34114
7.11923
7.34114
7.34114
7.34114
7.34114
7.31257
7.31257
7.31257
7.39695
7.39695
7.39695
7.38945
6.815
6.815
6.53727
6.53727
6.815
6.815
6.815
6.815
6.815
6.815
6.815
6.815
6.815
6.79118
6.81482
6.81482
6.81482
6.53727
6.53727
6.53727
6.53727
6.53727
6.53727
6.53727
6.53727
6.53727
6.53727
6.53727
6.53727
6.53727
6.53727
6.53727
6.53727
6.53727
6.49514
6.49514
6.49514
6.49514
6.49514
6.49514
6.49514
6.49514
6.49514
6.49514
6.49514
6.49514
6.49514
6.49514
6.49514
6.49514
6.49514
6.49514
6.49514
6.49514
6.49514
6.49514
6.49514
6.49514
6.49514
6.49514
6.49514
6.46729
6.46729
6.46729
6.46729
6.46729
6.46729
6.41065
6.46729
6.46729
6.46729
6.49514
6.40815
6.40815
6.40815
6.40815
6.40815
6.40815
6.40815
6.41065
6.41065
6.41065
6.41065
6.41065
6.41065
6.41065
6.41065
6.41065
6.41065
6.41065
6.41065
6.41065
6.41065
6.41065
6.41065
6.41065
6.41065
6.41065
6.41065
6.41065
6.41065
6.41065
6.38683
6.41065
6.41065
6.41047
6.41065
6.41065
6.41065
6.41065
6.41065
6.41065
6.41065
6.41065
6.41065
6.41065
6.41065
6.41065
6.41065
6.41065
6.41065
6.41065
6.41065
6.39029
6.41065
6.36897
6.36897
6.36897
6.36897
6.36897
6.36897
6.36897
6.36897
6.36897
6.36897
6.36897
6.36897
6.36897
6.36879
6.36879
6.36897
6.36897
6.36897
6.36897
6.36897
6.36897
6.36897
6.36897
6.41065
6.40338
6.40338
6.41065
6.41065
6.41065
6.41065
6.41065
6.41065
6.41065
6.41065
6.41065
6.41065
6.41065
6.41065
6.41065
6.41065
6.41065
6.41047
6.40338
6.40338
6.40338
6.40338
6.40338
6.40338
6.40338
6.40338
6.41065
6.41065
6.41065
6.41065
6.41065
6.36897
6.36897
6.36897
6.36897
6.41065
6.41065
6.41065
6.4106
6.4106
6.41065
6.41065
6.41065
6.41065
6.41065
6.41065
6.38683
6.38683
6.38683
6.41065
6.41065
6.41065
6.41065
6.4106
6.41065
6.4106
6.38683
6.4106
6.4106
6.4106
6.4106
6.32366
6.32366
6.32366
6.32366
6.32366
6.32366
6.32361
6.32361
6.32361
6.32361
6.32361
6.32361
6.32361
6.32361
6.32361
6.32361
6.32361
6.32361
6.32361
6.32361
6.32361
6.32361
6.32361
6.32361
6.32361
6.32361
6.32361
6.32361
6.32361
6.32361
6.32361
6.31638
6.32361
6.32361
6.32361
6.32361
6.32361
6.32361
6.28198
6.28198
6.32361
6.32361
6.28198
6.28198
6.28198
6.28198
6.28198
6.28198
6.28198
6.28198
6.28198
6.28198
6.28198
6.28198
6.28198
6.28198
6.28198
6.28198
6.28198
6.28198
6.28198
6.28198
6.28198
6.28198
6.28198
6.28198
6.28198
6.28198
6.28198
6.28198
6.28198
6.28198
6.28198
6.28198
6.28198
6.28198
6.28198
6.26161
6.28198
6.28198
6.28198
6.28198
6.28198
6.28198
6.28198
6.28198
6.28198
6.28198
6.28198
6.28198
6.28198
6.28198
6.28198
6.28198
6.28198
6.28198
6.28198
6.28198
6.28198
6.28198
6.28198
6.25761
6.25761
6.28198
6.2747
6.2747
6.2747
6.2747
6.2747
6.2747
6.2747
6.2747
6.2747
6.2747
6.2747
6.2747
6.2747
6.2747
6.2747
6.2747
6.2747
6.2747
6.2747
6.2747
6.2747
6.26161
6.2747
6.2747
6.2747
6.2747
6.2747
6.2747
6.2747
6.2747
6.2747
6.2747
6.2747
6.2747
6.2747
6.2747
6.2747
6.2747
6.2747
6.2747
6.2747
6.2747
6.2747
6.2747
6.2747
6.2747
6.2747
6.2747
6.2747
6.2747
6.2747
6.2747
6.2747
6.2747
6.2747
6.2747
6.2747
6.2747
6.2747
6.2747
6.2747
6.2747
6.2747
6.2747
6.2747
6.2747
6.2747
6.2747
6.2747
6.2747
6.2747
6.25761
6.25761
6.25761
6.25761
6.25761
6.25761
6.25761
6.25761
6.25761
6.25761
6.25761
6.25761
6.25761
6.25761
6.25761
6.25761
6.25761
6.25761
6.25761
6.25761
6.25761
6.25761
6.25761
6.25761
6.25033
6.25033
6.25033
6.25761
6.25761
6.25761
6.25761
6.25761
6.25761
6.25761
6.25761
6.25761
6.25761
6.25761
6.25761
6.25761
6.25761
6.25761
6.25761
6.25761
6.25761
6.25761
6.25761
6.25761
6.25761
6.25761
6.25761
6.25761
6.25761
6.25761
6.25761
6.25761
6.25761
6.25761
6.25761
6.25761
6.25761
6.25761
6.25761
6.25761
6.25761
6.25761
6.25761
6.25761
6.25761
6.25761
6.25761
6.25761
6.25761
6.25761
6.25761
6.25761
6.25761
6.25761
6.25761
6.25761
6.25761
6.25761
6.25761
6.25761
6.25761
6.25761
6.25761
6.25761
6.25761
6.25761
6.25761
6.25761
6.25761
6.25761
6.25761
6.23725
6.23725
6.25761
6.25761
6.25761
6.25761
6.25761
6.25761
6.25761
6.25761
6.25761
6.25761
6.25761
6.25761
6.25761
6.25761
6.25761
6.25761
6.25761
6.25033
6.25033
6.25033
6.25033
6.25033
6.25033
6.25033
6.25033
6.25033
6.25033
6.25033
6.25033
6.25033
6.25033
6.25033
6.25761
6.25761
6.25761
6.25761
6.25761
6.25761
6.25761
6.25761
6.25761
6.25033
6.25761
6.25761
6.25761
6.25761
6.25761
6.25761
6.25761
6.25761
6.25761
6.25761
6.25761
6.25761
6.25761
6.25761
6.25761
6.25761
6.25761
6.25761
6.25761
6.25761
6.25761
6.25033
6.25033
6.25033
6.25033
6.25033
6.25761
6.25761
6.25761
6.25761
6.25761
6.25761
6.25761
6.25761
6.25761
6.25761
6.25761
6.25761
6.23725
6.25761
6.25761
6.25761
6.25761
6.25761
6.25761
6.25761
6.25761
6.25761
6.25761
6.25761
6.25033
6.25761
6.25761
6.25761
6.25761
6.25761
6.25761
6.25761
6.25761
6.25761
6.25761
6.25761
6.25761
6.25761
6.25033
6.25033
6.25033
6.25761
6.25761
6.25761
6.25761
6.25761
6.25761
6.25761
6.25761
6.25761
6.25761
6.25761
6.25761
6.25761
6.25761
6.25761
6.25761
6.25761
6.25761
6.25761
6.25761
6.25761
6.25761
6.25761
6.25761
6.25761
6.25761
6.25761
6.25761
6.25761
6.25761
6.25761
6.25761
6.25761
6.25761
6.25761
6.25761
6.25761
6.25761
6.25761
6.25761
6.25033
6.25033
6.25033
6.25033
6.25033
6.25033
6.25033
6.25033
6.25033
6.25033
6.25033
6.25033
6.25033
6.25033
6.25033
6.25033
6.25033
6.25033
6.25033
6.25033
6.25033
6.25033
6.25033
6.25033
6.25033
6.25033
6.25033
6.25033
6.25033
6.25033
6.25033
6.25033
6.25033
6.25033
6.25033
6.25033
6.25033
6.25033
6.25033
6.25033
6.25033
6.25033
6.25033
6.25033
6.25033
6.25033
6.25033
6.25033
6.25033
6.25033
6.25033
6.25033
6.25033
6.25033
6.25033
6.25033
6.22997
6.25033
6.25033
6.25033
6.25033
6.25033
6.25033
6.22997
6.25033
6.25033
6.25033
6.25033
6.25033
6.25033
6.25033
6.25033
6.25033
6.25033
6.25033
6.25033
6.25033
6.25033
6.25033
6.25033
6.25033
6.25033
6.25033
6.25033
6.25033
6.25033
6.25033
6.25033
6.25033
6.25033
6.25033
6.25033
6.25033
6.25033
6.25033
6.25033
6.25033
6.25033
6.25033
6.25033
6.25033
6.25033
6.25033
6.25033
6.25033
6.25033
6.25033
6.25033
6.25033
6.25033
6.25033
6.25033
6.22997
6.25033
6.25033
6.25033
6.25033
6.25033
6.25033
6.25033
6.25033
6.25033
6.25033
6.25033
6.25033
6.25033
6.25033
6.25033
6.22997
6.22997
6.22997
6.22997
6.22997
6.22997
6.22997
6.22997
6.22997
6.22997
6.22997
6.22997
6.22997
6.22997
6.22997
6.22997
6.22997
6.22997
6.22997
6.22997
6.22997
6.22997
6.22997
6.22997
6.22997
6.22997
6.22997
6.22997
6.22997
