1.09916
1.09619
1.09088
1.08292
1.07182
1.05704
1.03785
1.01346
0.983052
0.945919
0.901711
0.850714
0.794152
0.734427
0.675093
0.620383
0.574327
0.539786
0.5178
0.507573
0.506962
0.513168
0.523409
0.535359
0.5473
0.55811
0.567126
0.573972
0.57845
0.580471
0.580092
0.577609
0.573559
0.568666
0.563703
0.559348
0.556033
0.553928
0.552996
0.553122
0.554166
0.556017
0.558583
0.561746
0.565301
0.568925
0.572219
0.574795
0.576366
0.576828
0.576292
0.57506
0.573506
0.571967
0.57064
0.569592
0.568778
0.568134
0.567608
0.567205
0.567
0.567103
0.567577
0.568375
0.569258
0.569848
0.569741
0.568694
0.566731
0.564183
0.561587
0.559582
0.558791
0.559698
0.562635
0.567756
0.575021
0.584223
0.594982
0.606807
0.619099
0.631215
0.642474
0.652235
0.659933
0.665105
0.667451
0.666833
0.663337
0.657264
0.649115
0.639581
0.629506
0.619791
0.611284
0.604684
0.60049
0.598957
0.600074
0.60353
0.608703
0.614737
0.620645
0.625471
0.62841
0.628886
0.626573
0.621432
0.613726
0.604011
0.593116
0.582045
0.571879
0.563626
0.55806
0.555572
0.55616
0.559457
0.564884
0.571803
0.579627
0.587909
0.596319
0.604667
0.612771
0.620439
0.627418
0.633325
0.637744
0.640276
0.640593
0.638493
0.633931
0.627029
0.618075
0.607558
0.596209
0.584989
0.575024
0.567437
0.563095
0.562417
0.565235
0.57088
0.578398
0.586746
0.594976
0.602343
0.60836
0.612795
0.615664
0.617199
0.617794
0.617936
0.61812
0.618772
0.620178
0.622411
0.625312
0.62854
0.631644
0.634176
0.635811
0.63638
0.635863
0.634393
0.632211
0.629631
0.626983
0.62454
0.622414
0.620501
0.618444
0.615697
0.611667
0.605889
0.598169
0.588688
0.578058
0.567272
0.557533
0.550013
0.545555
0.54448
0.546567
0.551189
0.557507
0.56465
0.571867
0.578599
0.584512
0.589485
0.593545
0.596829
0.599519
0.601836
0.604039
0.606412
0.60921
0.612635
0.616725
0.62131
0.626069
0.630625
0.63465
0.637973
0.640604
0.642727
0.644581
0.646371
0.648187
0.650031
0.651821
0.653472
0.654919
0.656128
0.657107
0.657946
0.658745
0.659654
0.660813
0.662303
0.664107
0.666126
0.668172
0.669977
0.671259
0.671729
0.671143
0.669311
0.666153
0.661699
0.656115
0.649721
0.642972
0.636433
0.630661
0.626095
0.622929
0.621059
0.620103
0.619548
0.618894
0.617792
0.616096
0.613818
0.611084
0.608044
0.604832
0.601555
0.598309
0.595202
0.59242
0.590201
0.58882
0.588498
0.589301
0.591078
0.593458
0.595933
0.59797
0.599141
0.599154
0.597844
0.595127
0.590954
0.585331
0.57837
0.570344
0.561705
0.552993
0.54476
0.537408
0.53113
0.525955
0.52181
0.518598
0.516235
0.514631
0.513668
0.513192
0.513039
0.5131
0.513369
0.513956
0.515127
0.517242
0.520692
0.525751
0.532512
0.540814
0.550259
0.560295
0.57033
0.579859
0.588485
0.595899
0.601875
0.606223
0.608772
0.609391
0.608013
0.604736
0.59984
0.593863
0.587568
0.581843
0.577433
0.574663
0.573355
0.572903
0.572591
0.571908
0.570725
0.569346
0.56847
0.568994
0.571674
0.576822
0.584086
0.592518
0.600847
0.60784
0.612532
0.614359
0.613168
0.609103
0.602558
0.594094
0.58439
0.574224
0.564441
0.555894
0.54932
0.545195
0.54363
0.54437
0.546851
0.55036
0.554103
0.557294
0.559254
0.559515
0.557865
0.554378
0.549368
0.543295
0.536668
0.529948
0.523456
0.517419
0.511987
0.507283
0.503428
0.500536
0.498704
0.497971
0.498299
0.499536
0.501422
0.50359
0.505604
0.507018
0.507475
0.506772
0.504894
0.502019
0.498449
0.494588
0.490891
0.487858
0.486003
0.485812
0.4877
0.491948
0.498637
0.507628
0.518553
0.530868
0.543883
0.556837
0.56897
0.57961
0.588215
0.594485
0.598355
0.600021
0.599922
0.598661
0.596881
0.595156
0.593922
0.593468
0.59392
0.595281
0.597458
0.600279
0.603502
0.606803
0.609787
0.612047
0.613197
0.612956
0.611211
0.608066
0.603818
0.598982
0.594225
0.590246
0.587621
0.586666
0.587354
0.589292
0.591918
0.59472
0.59741
0.600026
0.602834
0.606141
0.610092
0.614635
0.61957
0.624663
0.629716
0.634534
0.638896
0.642558
0.645289
0.646894
0.647278
0.646493
0.644751
0.642347
0.639614
0.636829
0.634172
0.63173
0.629474
0.627313
0.625124
0.622829
0.620474
0.618279
0.616593
0.615761
0.615907
0.616791
0.617834
0.618324
0.617692
0.6159
0.613527
0.611518
0.610629
0.610921
0.611706
0.611986
0.610995
0.608515
0.604786
0.600388
0.595993
0.592225
0.589533
0.588108
0.587873
0.588512
0.589508
0.590297
0.590401
0.589542
0.587737
0.585305
0.582794
0.580837
0.579924
0.580242
0.581599
0.583492
0.585305
0.586477
0.586702
0.586008
0.584757
0.583582
0.583223
0.584269
0.586952
0.591075
0.596093
0.601242
0.605736
0.608944
0.610525
0.61054
0.609503
0.60831
0.608019
0.609513
0.613182
0.618794
0.625614
0.632651
0.638909
0.643542
0.646019
0.646174
0.644181
0.640506
0.635793
0.630695
0.625718
0.621124
0.616899
0.612851
0.608782
0.604605
0.60041
0.596443
0.592997
0.590246
0.588155
0.586463
0.584738
0.582543
0.579639
0.576058
0.572175
0.568601
0.566054
0.565139
0.566148
0.568945
0.572982
0.577425
0.581355
0.58398
0.584817
0.58374
0.581019
0.577193
0.572957
0.568976
0.565729
0.563405
0.561946
0.56121
0.561265
0.562581
0.565921
0.571864
0.580252
0.590057
0.599747
0.607879
0.61348
0.616085
0.615654
0.61243
0.60675
0.599019
0.589692
0.579342
0.568773
0.559128
0.551834
0.548328
0.549536
0.555427
0.565008
0.576831
0.589509
0.601971
0.613438
0.62332
0.631168
0.63669
0.639768
0.640491
0.639085
0.635879
0.631248
0.625596
0.619295
0.612665
0.605906
0.599128
0.59242
0.585927
0.579884
0.574579
0.570303
0.567323
0.565827
0.565925
0.567566
0.570537
0.57445
0.578818
0.583116
0.586871
0.589705
0.591384
0.591879
0.591398
0.590335
0.589146
0.58822
0.587754
0.587746
0.588046
0.588428
0.588634
0.588422
0.587558
0.585819
0.583001
0.578968
0.573706
0.567383
0.560405
0.553398
0.547116
0.542315
0.5396
0.539284
0.541362
0.545528
0.551256
0.557936
0.564971
0.571822
0.578004
0.583131
0.586951
0.589369
0.590454
0.590393
0.589454
0.587868
0.585743
0.582999
0.579419
0.57475
0.568838
0.56176
0.553921
0.546062
0.539159
0.534248
0.532147
0.533191
0.537158
0.543365
0.550974
0.559257
0.567782
0.57637
0.584904
0.593117
0.600496
0.606356
0.610061
0.611215
0.609792
0.606113
0.600756
0.594363
0.587502
0.580554
0.573726
0.567154
0.561019
0.55567
0.551672
0.549699
0.550197
0.553076
0.557628
0.562741
0.567347
0.570756
0.572776
0.573613
0.573691
0.573486
0.573415
0.573754
0.57466
0.576147
0.578095
0.580251
0.582238
0.583629
0.584039
0.583222
0.581127
0.577849
0.573571
0.568481
0.562697
0.556307
0.549426
0.542242
0.535064
0.528264
0.522231
0.517277
0.513601
0.511293
0.51038
0.510859
0.512728
0.515993
0.520617
0.526481
0.533388
0.541032
0.549029
0.556951
0.564352
0.570791
0.57591
0.579412
0.581092
0.580862
0.578761
0.574924
0.569595
0.563093
0.555832
0.548278
0.540903
0.534152
0.528434
0.524094
0.521387
0.520438
0.521234
0.523625
0.527335
0.532008
0.537199
0.542449
0.547254
0.551144
0.553752
0.554855
0.554436
0.55268
0.54998
0.546869
0.543949
0.54181
0.54097
0.541815
0.544555
0.549179
0.555436
0.562855
0.570783
0.578479
0.585242
0.590507
0.593955
0.595543
0.595501
0.594279
0.592461
0.590672
0.589455
0.589205
0.590111
0.592127
0.595005
0.598367
0.60181
0.60503
0.607879
0.61037
0.612602
0.614693
0.616676
0.618433
0.619699
0.620135
0.619487
0.617661
0.61487
0.611627
0.608572
0.606282
0.605045
0.604776
0.605057
0.605307
0.604956
0.603571
0.600894
0.596866
0.591635
0.585553
0.579144
0.573057
0.567895
0.564027
0.56152
0.560203
0.559872
0.560412
0.561811
0.564116
0.567386
0.571637
0.576862
0.583004
0.589899
0.597287
0.604806
0.612008
0.618391
0.623486
0.626921
0.628488
0.628161
0.626094
0.622606
0.618091
0.612963
0.6076
0.602301
0.597261
0.592535
0.588086
0.583824
0.579663
0.575546
0.571522
0.567725
0.564353
0.561649
0.55983
0.559
0.55915
0.560116
0.561642
0.56343
0.565205
0.566771
0.567993
0.568822
0.569319
0.569642
0.569996
0.570555
0.571397
0.572459
0.573594
0.574621
0.575433
0.576069
0.576698
0.577564
0.578866
0.580702
0.583022
0.585636
0.588274
0.590664
0.592624
0.594081
0.595119
0.595972
0.596925
0.598246
0.600039
0.602161
0.604225
0.605688
0.605983
0.604696
0.601637
0.596905
0.590823
0.583886
0.576639
0.569596
0.563161
0.557576
0.552914
0.549106
0.546002
0.543443
0.541312
0.539566
0.538205
0.537197
0.536433
0.535708
0.534837
0.533766
0.532628
0.531737
0.531479
0.532186
0.534018
0.536932
0.540716
0.54506
0.549621
0.554035
0.557976
0.561123
0.56321
0.564021
0.5634
0.561267
0.557618
0.552556
0.546348
0.539434
0.532441
0.526152
0.521427
0.519039
0.519533
0.523087
0.529476
0.538099
0.548138
0.558709
0.569032
0.578544
0.586932
0.594088
0.600016
0.60477
0.608348
0.610721
0.61187
0.611872
0.610928
0.609316
0.607308
0.605055
0.602498
0.599405
0.595488
0.590556
0.584596
0.577762
0.570338
0.562643
0.555036
0.547908
0.541668
0.53674
0.533465
0.532049
0.532502
0.53465
0.538171
0.542688
0.547825
0.553223
0.558527
0.563334
0.567172
0.569499
0.569762
0.567512
0.562496
0.554816
0.544994
0.533961
0.522934
0.513157
0.505623
0.500925
0.499328
0.500808
0.505065
0.511446
0.519029
0.526835
0.534088
0.540311
0.545325
0.549162
0.551903
0.553607
0.554236
0.553693
0.551881
0.548787
0.544619
0.539822
0.535069
0.531118
0.528662
1.09707
1.09124
1.08281
1.07195
1.05885
1.04378
1.02701
1.00884
0.989646
0.969961
0.950497
0.932139
0.915885
0.902732
0.893525
0.888716
0.888213
0.891476
0.897773
0.906376
0.91648
0.927149
0.937363
0.946133
0.952578
0.956041
0.956202
0.953232
0.947868
0.941324
0.934978
0.929899
0.926464
0.924399
0.923253
0.922875
0.92339
0.924738
0.926312
0.927052
0.925967
0.92267
0.917533
0.911468
0.905548
0.900603
0.897035
0.894859
0.893779
0.893233
0.892521
0.890869
0.887686
0.882713
0.876125
0.868515
0.860782
0.853949
0.848948
0.846353
0.846291
0.848436
0.852068
0.856235
0.859945
0.86241
0.863273
0.862735
0.861506
0.860661
0.861323
0.864343
0.870059
0.878117
0.887524
0.89694
0.905211
0.911901
0.917449
0.922792
0.92852
0.934261
0.938718
0.940131
0.936909
0.927992
0.913032
0.89257
0.868207
0.842652
0.819346
0.801688
0.792114
0.7914
0.798571
0.811416
0.827137
0.842933
0.856496
0.866288
0.871697
0.872873
0.870493
0.865473
0.858832
0.85169
0.845361
0.841294
0.840692
0.844062
0.85101
0.860393
0.870579
0.879722
0.886096
0.88848
0.886648
0.881707
0.875938
0.871927
0.871354
0.874368
0.880018
0.887115
0.894687
0.902088
0.90909
0.915737
0.922049
0.927736
0.93224
0.934873
0.935104
0.932692
0.927772
0.920809
0.912519
0.903761
0.895465
0.888606
0.884061
0.882351
0.883443
0.886805
0.891704
0.897533
0.903936
0.910614
0.917077
0.922701
0.927041
0.930124
0.932413
0.934376
0.935997
0.936569
0.934972
0.930243
0.922087
0.911109
0.898748
0.886947
0.87759
0.871922
0.870309
0.872234
0.876531
0.881654
0.886011
0.888455
0.888933
0.888713
0.889833
0.893709
0.900101
0.907318
0.913439
0.91734
0.918954
0.919019
0.918594
0.918577
0.919384
0.920881
0.922537
0.923691
0.92378
0.922453
0.919679
0.915731
0.911129
0.906607
0.902936
0.900788
0.900566
0.902375
0.906007
0.911042
0.917002
0.923466
0.930208
0.937174
0.944353
0.951646
0.958694
0.964762
0.968896
0.970098
0.967636
0.961307
0.951613
0.939749
0.927366
0.916047
0.906783
0.899924
0.895566
0.893961
0.895561
0.900766
0.909575
0.921517
0.935662
0.950748
0.965305
0.977848
0.987116
0.992222
0.992834
0.989175
0.981998
0.97242
0.961701
0.950987
0.941146
0.932649
0.925568
0.919663
0.914582
0.910088
0.906247
0.903543
0.90268
0.904201
0.908088
0.913602
0.91945
0.924171
0.926465
0.925402
0.920549
0.912088
0.900896
0.88832
0.875637
0.863424
0.851468
0.839225
0.826541
0.81404
0.803103
0.795414
0.792313
0.794352
0.80119
0.811931
0.825567
0.841301
0.858584
0.876863
0.895295
0.912696
0.927891
0.940094
0.949203
0.955798
0.960957
0.965897
0.971611
0.97863
0.986925
0.995989
1.00502
1.01313
1.01954
1.02359
1.02471
1.02241
1.01637
1.00667
0.994006
0.979729
0.965607
0.953266
0.943667
0.936798
0.931783
0.927343
0.922368
0.916265
0.909069
0.901316
0.893848
0.887578
0.883195
0.880864
0.880048
0.879557
0.877828
0.873309
0.864916
0.852495
0.837417
0.82274
0.812433
0.809675
0.815708
0.829818
0.849828
0.872651
0.895103
0.914708
0.930087
0.940872
0.947441
0.95074
0.951992
0.952321
0.952337
0.951957
0.95044
0.946735
0.93993
0.929587
0.915956
0.899893
0.882669
0.865645
0.85003
0.836679
0.825934
0.817705
0.811739
0.807982
0.806731
0.808543
0.813951
0.823214
0.8362
0.852391
0.871005
0.891087
0.911709
0.932122
0.951784
0.970281
0.987184
1.00197
1.01404
1.0229
1.02834
1.03043
1.02947
1.02573
1.01926
1.01006
0.998283
0.984466
0.969574
0.954808
0.941378
0.930296
0.922152
0.917054
0.914567
0.913874
0.914089
0.914538
0.914905
0.915161
0.915404
0.915734
0.916289
0.917287
0.919033
0.921796
0.925563
0.929921
0.934049
0.936798
0.937014
0.933792
0.926845
0.916596
0.904129
0.890898
0.878476
0.868278
0.861393
0.858576
0.86025
0.866435
0.876578
0.889479
0.903418
0.916616
0.927685
0.935971
0.941575
0.945125
0.947338
0.948725
0.949492
0.949582
0.948768
0.946822
0.943629
0.93915
0.933457
0.92672
0.919362
0.91224
0.906615
0.903691
0.90397
0.906858
0.910865
0.914261
0.915677
0.914431
0.910437
0.903943
0.895285
0.884893
0.873466
0.862315
0.853457
0.84931
0.851807
0.861405
0.876761
0.895398
0.914771
0.932986
0.948827
0.961483
0.97034
0.974924
0.974824
0.969782
0.959755
0.945167
0.927203
0.907941
0.890031
0.875763
0.866117
0.860533
0.857679
0.856443
0.856479
0.858161
0.862187
0.868947
0.878013
0.887963
0.896807
0.902819
0.905105
0.903625
0.898898
0.891685
0.882888
0.873569
0.864799
0.857347
0.851478
0.847287
0.845256
0.84633
0.851388
0.860646
0.873523
0.888881
0.905307
0.921258
0.935275
0.946206
0.953348
0.956629
0.956628
0.954532
0.951921
0.950277
0.95044
0.952408
0.95558
0.959164
0.96256
0.965376
0.967299
0.967951
0.966898
0.963814
0.958652
0.9517
0.943481
0.934509
0.925138
0.915472
0.905401
0.894764
0.883558
0.872024
0.860746
0.850571
0.842466
0.837267
0.835426
0.836886
0.841084
0.847149
0.854178
0.861561
0.86908
0.87689
0.88524
0.894191
0.903486
0.912489
0.920302
0.925958
0.928683
0.928141
0.92453
0.918499
0.910922
0.902725
0.894866
0.888229
0.883353
0.880147
0.877907
0.875611
0.872328
0.867513
0.861185
0.853915
0.846776
0.841133
0.838322
0.839244
0.844032
0.851991
0.861771
0.871649
0.879941
0.885358
0.887315
0.886004
0.882315
0.877568
0.873172
0.87021
0.869158
0.869885
0.872086
0.875931
0.882399
0.892803
0.907564
0.92531
0.943373
0.95911
0.970843
0.978014
0.980801
0.97965
0.975009
0.967288
0.956939
0.944574
0.931086
0.917718
0.905999
0.897531
0.893501
0.894209
0.898802
0.905538
0.912344
0.917504
0.920112
0.920201
0.918619
0.91678
0.916172
0.9179
0.922287
0.92874
0.935996
0.942583
0.947335
0.949628
0.949419
0.947145
0.943527
0.93939
0.935556
0.932722
0.931321
0.931391
0.932544
0.934086
0.935243
0.935373
0.934139
0.931563
0.928009
0.924096
0.920465
0.91763
0.915863
0.915242
0.915734
0.917332
0.920072
0.924019
0.929105
0.934998
0.941057
0.946364
0.949838
0.950522
0.947975
0.942543
0.935408
0.928229
0.922429
0.918626
0.916489
0.915182
0.914012
0.912849
0.912083
0.912256
0.9138
0.917093
0.92243
0.929836
0.938803
0.948327
0.957264
0.964681
0.970062
0.973229
0.9742
0.973036
0.969697
0.964111
0.956325
0.946716
0.936101
0.925611
0.916381
0.909248
0.904603
0.902517
0.902833
0.905126
0.908683
0.912674
0.916424
0.919602
0.922271
0.9248
0.927739
0.931765
0.937533
0.945503
0.955635
0.967295
0.979386
0.990688
1.00016
1.0071
1.0112
1.01254
1.0115
1.00852
1.00392
0.997825
0.990248
0.981259
0.971013
0.959804
0.948093
0.936487
0.925603
0.915946
0.907764
0.901068
0.895714
0.891477
0.888123
0.885432
0.883161
0.881098
0.879162
0.877463
0.87627
0.875877
0.876415
0.877792
0.879712
0.881786
0.88366
0.885079
0.88593
0.886351
0.886729
0.887696
0.890085
0.894745
0.902239
0.912481
0.924554
0.936855
0.9476
0.955373
0.959478
0.959905
0.957093
0.951631
0.944024
0.934727
0.924213
0.913116
0.902243
0.892511
0.88477
0.879701
0.877668
0.878536
0.881718
0.88621
0.890809
0.894307
0.895692
0.894311
0.88992
0.882698
0.87321
0.862338
0.851259
0.841331
0.834007
0.830536
0.831679
0.837528
0.84742
0.86016
0.874335
0.888565
0.90163
0.912447
0.920035
0.923476
0.922028
0.915274
0.903318
0.886863
0.867348
0.847095
0.829323
0.817579
0.814375
0.819777
0.831451
0.846089
0.860921
0.874335
0.885671
0.894874
0.90221
0.908108
0.913061
0.917579
0.922073
0.926798
0.931781
0.936903
0.942051
0.947214
0.952422
0.95754
0.962064
0.96514
0.965889
0.963792
0.958923
0.951826
0.943269
0.933884
0.924018
0.913787
0.903338
0.893112
0.883921
0.876761
0.872317
0.870604
0.870937
0.872368
0.874208
0.8763
0.878882
0.882238
0.886232
0.890079
0.892517
0.892251
0.888439
0.880909
0.87023
0.857613
0.84465
0.832979
0.823881
0.817983
0.815223
0.815017
0.816567
0.819266
0.822967
0.828093
0.835377
0.845322
0.857803
0.871945
0.886497
0.900315
0.912602
0.922949
0.931152
0.937068
0.940541
0.941356
0.939315
0.934319
0.926482
0.916212
0.904266
0.89165
0.879491
0.868773
0.860061
0.853373
0.848276
0.84428
0.841294
0.839808
0.840658
0.844527
0.851562
0.861441
0.873556
0.887104
0.900993
0.913915
0.924574
0.932051
0.936115
0.937144
0.935938
0.933294
0.929639
0.924896
0.918533
0.909822
0.898178
0.883505
0.866392
0.84825
0.831054
0.816805
0.807021
0.802487
0.803326
0.809134
0.818953
0.831465
0.845378
0.859806
0.874243
0.888199
0.900978
0.911644
0.919188
0.922793
0.922008
0.916848
0.907858
0.896157
0.883397
0.871603
0.862685
0.857814
0.857042
0.859499
0.863972
0.869389
0.874952
0.880148
0.88466
0.888326
0.891087
0.892841
0.893363
0.892445
0.89027
0.887699
0.886197
0.88743
0.892717
0.902616
0.916826
0.934362
0.953814
0.973595
0.992107
1.0079
1.01979
1.02688
1.0287
1.02511
1.01633
1.00297
0.986041
0.966937
0.947431
0.929521
0.915198
0.90602
0.902704
0.904905
0.911265
0.919824
0.92853
0.935619
0.939856
0.940497
0.937181
0.929949
0.919383
0.906704
0.893682
0.882211
0.873699
0.868757
0.86732
0.869096
0.87389
0.881642
0.892221
0.905161
0.919462
0.933691
0.946151
0.955131
0.959143
0.957106
0.948576
0.933944
0.914548
0.892649
0.871024
0.852233
0.837887
0.828368
0.823271
0.822145
0.824791
0.831046
0.840309
0.851315
0.862314
0.871468
0.877218
0.878597
0.87532
0.867841
0.857266
0.845102
0.832937
0.822156
0.813819
0.808653
0.806988
0.808708
1.10327
1.10419
1.10195
1.09665
1.08941
1.08195
1.07597
1.07239
1.07111
1.07117
1.07112
1.06963
1.06602
1.06063
1.05474
1.05
1.04766
1.04843
1.0529
1.06194
1.07589
1.09311
1.10982
1.12192
1.12676
1.1236
1.11307
1.09676
1.07697
1.05634
1.03713
1.02032
1.00561
0.992386
0.981207
0.974558
0.975999
0.987298
1.00584
1.02565
1.04126
1.0502
1.05272
1.05042
1.04509
1.03816
1.03096
1.025
1.02185
1.0225
1.02671
1.03314
1.0402
1.04693
1.05347
1.06075
1.06973
1.08062
1.09242
1.1032
1.1106
1.11258
1.10789
1.09651
1.07967
1.05974
1.0398
1.02321
1.01297
1.01104
1.01777
1.0318
1.05046
1.07059
1.08953
1.10577
1.11915
1.13057
1.14121
1.15168
1.16136
1.1684
1.17051
1.16612
1.15497
1.13846
1.11944
1.10157
1.0882
1.08139
1.08157
1.08783
1.09843
1.11121
1.12415
1.13589
1.14606
1.15507
1.16358
1.17197
1.18005
1.18725
1.19281
1.19603
1.19631
1.19331
1.18703
1.17785
1.16664
1.15473
1.14398
1.13683
1.13594
1.14321
1.15842
1.17877
1.19983
1.21725
1.22777
1.22955
1.22222
1.20692
1.18622
1.16335
1.14104
1.12066
1.10267
1.08784
1.07799
1.07544
1.08172
1.09648
1.11742
1.14118
1.16445
1.18452
1.19959
1.20874
1.21169
1.20872
1.20059
1.18837
1.17334
1.15677
1.13962
1.12249
1.10577
1.08979
1.07496
1.06184
1.05109
1.04337
1.03895
1.03752
1.0382
1.03979
1.0409
1.04021
1.03695
1.03144
1.02546
1.02174
1.02286
1.03015
1.04318
1.06019
1.07873
1.0963
1.11085
1.12095
1.12577
1.12508
1.11905
1.10842
1.0946
1.07986
1.06699
1.05866
1.05676
1.06195
1.0732
1.08762
1.10078
1.10821
1.1069
1.0965
1.07973
1.06165
1.04745
1.03944
1.03646
1.03615
1.0373
1.04024
1.04585
1.05458
1.06601
1.07911
1.09266
1.10575
1.11793
1.12909
1.13924
1.14817
1.15543
1.16036
1.16219
1.16014
1.15371
1.14289
1.1285
1.11232
1.09687
1.08489
1.07868
1.07948
1.08707
1.09995
1.11587
1.13252
1.14815
1.16166
1.17255
1.18075
1.18634
1.18935
1.18968
1.18734
1.1826
1.17598
1.16804
1.15923
1.14976
1.13969
1.12924
1.1192
1.11094
1.10581
1.10417
1.10514
1.10694
1.10753
1.10502
1.09812
1.08658
1.07155
1.05565
1.0423
1.0345
1.03351
1.0383
1.04644
1.05565
1.06472
1.07328
1.08122
1.08837
1.09457
1.09977
1.10397
1.10708
1.10877
1.10857
1.10597
1.10066
1.09274
1.08283
1.07204
1.06183
1.0537
1.04876
1.04745
1.04941
1.05385
1.05986
1.06675
1.07414
1.08188
1.08998
1.09839
1.10703
1.11557
1.12335
1.12932
1.132
1.12984
1.12167
1.10728
1.08789
1.06629
1.04643
1.03217
1.02563
1.02619
1.03095
1.03616
1.03885
1.03772
1.03332
1.02773
1.02358
1.02331
1.02862
1.0402
1.0576
1.0791
1.10197
1.12292
1.13891
1.14798
1.1497
1.14492
1.13499
1.12092
1.10315
1.0823
1.06003
1.03968
1.02565
1.02159
1.02813
1.04228
1.05898
1.07352
1.08317
1.08764
1.08857
1.08842
1.08922
1.09187
1.09633
1.10209
1.10849
1.11476
1.12014
1.1239
1.12532
1.12369
1.11826
1.10855
1.09464
1.07749
1.05908
1.04208
1.02905
1.02159
1.01984
1.02259
1.02785
1.03345
1.03732
1.03769
1.03308
1.02264
1.00654
0.986324
0.964998
0.946342
0.93377
0.929045
0.931768
0.939885
0.950775
0.962308
0.973416
0.98416
0.995314
1.00773
1.0216
1.0361
1.04958
1.06018
1.06641
1.06757
1.06399
1.05687
1.04803
1.03937
1.0325
1.02832
1.02696
1.028
1.0308
1.03483
1.03979
1.04575
1.05306
1.06227
1.07382
1.08782
1.104
1.12177
1.14028
1.15855
1.17551
1.19009
1.20135
1.20839
1.21028
1.20624
1.19585
1.17924
1.15724
1.13134
1.10346
1.0757
1.05005
1.02809
1.01093
0.999235
0.993128
0.992157
0.995244
1.0009
1.00767
1.01473
1.02197
1.02983
1.03885
1.0492
1.06027
1.07055
1.07814
1.08152
1.08041
1.07603
1.07072
1.06693
1.066
1.06763
1.07028
1.07209
1.07171
1.06862
1.06321
1.05654
1.05011
1.04545
1.04396
1.04682
1.05507
1.06941
1.08963
1.11393
1.13911
1.16157
1.17849
1.18829
1.19054
1.18548
1.17385
1.15683
1.13619
1.11416
1.09316
1.07521
1.06153
1.05246
1.04749
1.0455
1.04499
1.04436
1.04243
1.03934
1.03772
1.04264
1.05828
1.08338
1.11131
1.13498
1.15058
1.15759
1.1573
1.15162
1.1425
1.13155
1.11985
1.10769
1.09465
1.08003
1.06357
1.04598
1.02877
1.01376
1.00233
0.994884
0.990776
0.988745
0.987636
0.987153
0.988336
0.993272
1.00392
1.02064
1.04156
1.06329
1.08242
1.09647
1.10424
1.10572
1.10189
1.09434
1.08488
1.07499
1.06548
1.05654
1.04808
1.04039
1.03448
1.03195
1.0342
1.04151
1.05278
1.06602
1.07937
1.09173
1.10285
1.11259
1.12031
1.1248
1.12512
1.1217
1.11663
1.11243
1.11028
1.1094
1.10818
1.10529
1.09994
1.0919
1.08184
1.07162
1.06388
1.06081
1.06297
1.06914
1.07715
1.08488
1.09096
1.0946
1.09515
1.09193
1.08452
1.07321
1.05923
1.04451
1.03095
1.01966
1.01053
1.00241
0.993941
0.984503
0.974706
0.966223
0.961065
0.960641
0.965152
0.97373
0.985105
0.998375
1.01334
1.03026
1.04892
1.06792
1.085
1.09818
1.10659
1.11041
1.11018
1.10614
1.09824
1.08658
1.07178
1.05486
1.03677
1.01828
1.00035
0.984685
0.973605
0.969303
0.973057
0.985007
1.00434
1.02935
1.05741
1.08542
1.11019
1.12891
1.13936
1.14022
1.13145
1.11448
1.09222
1.06844
1.04695
1.03075
1.02166
1.02056
1.02762
1.04197
1.06123
1.08176
1.09984
1.11281
1.11961
1.12036
1.11583
1.10697
1.09509
1.08194
1.06966
1.06018
1.05465
1.05311
1.05471
1.05831
1.063
1.0685
1.0751
1.08339
1.0938
1.10617
1.11972
1.13324
1.14549
1.15542
1.16231
1.16575
1.16579
1.16289
1.15795
1.15199
1.14562
1.13864
1.13
1.11824
1.10235
1.08245
1.06007
1.03813
1.02026
1.00975
1.00833
1.01551
1.02884
1.04484
1.06015
1.07238
1.08058
1.08539
1.08862
1.09236
1.09768
1.10399
1.10945
1.11216
1.11114
1.10671
1.10036
1.09436
1.09087
1.09103
1.09432
1.09894
1.10283
1.10459
1.10375
1.10052
1.0954
1.08877
1.08074
1.07123
1.0603
1.04847
1.03688
1.02702
1.02035
1.0179
1.02006
1.02635
1.03563
1.04662
1.05828
1.06995
1.08115
1.09146
1.10051
1.10799
1.11359
1.11695
1.11748
1.11451
1.10746
1.09622
1.0815
1.0652
1.05019
1.03931
1.03402
1.03368
1.0362
1.03911
1.04019
1.03784
1.03124
1.02047
1.00676
0.992407
0.980117
0.971853
0.968076
0.968214
0.971626
0.977975
0.986818
0.997048
1.00694
1.01465
1.01906
1.02022
1.01929
1.01805
1.01823
1.02085
1.02601
1.03282
1.03991
1.04585
1.04985
1.0522
1.05446
1.0591
1.06872
1.08489
1.10706
1.13258
1.15801
1.18056
1.19864
1.21155
1.21897
1.22063
1.21642
1.20661
1.19197
1.17382
1.15378
1.13359
1.11489
1.09893
1.08657
1.0782
1.07361
1.07203
1.07215
1.07234
1.07098
1.06682
1.05935
1.04909
1.03777
1.02789
1.02157
1.01946
1.0207
1.02396
1.02839
1.03406
1.04173
1.05235
1.06648
1.08369
1.10238
1.12005
1.13404
1.14216
1.14325
1.13721
1.12495
1.10815
1.089
1.06984
1.05273
1.03921
1.0302
1.0262
1.0275
1.03406
1.04539
1.06025
1.07661
1.09191
1.1035
1.10928
1.10819
1.10055
1.08795
1.073
1.05876
1.04818
1.04331
1.0448
1.05178
1.06236
1.07439
1.08598
1.0958
1.10316
1.10799
1.11063
1.11156
1.11121
1.10975
1.10703
1.10268
1.09655
1.08931
1.08275
1.07923
1.0803
1.0857
1.09355
1.10156
1.10797
1.11171
1.11205
1.10863
1.10176
1.09282
1.08413
1.07815
1.0764
1.07875
1.08381
1.08992
1.09607
1.10203
1.10783
1.11313
1.117
1.1184
1.11684
1.11267
1.10692
1.10084
1.09539
1.09091
1.08709
1.08325
1.07865
1.07288
1.06599
1.05867
1.05192
1.04684
1.04419
1.04428
1.04717
1.053
1.06208
1.07448
1.08965
1.10636
1.12312
1.13859
1.15174
1.16189
1.1686
1.17173
1.17135
1.16777
1.16149
1.15328
1.1443
1.13614
1.13066
1.12931
1.13251
1.13929
1.14736
1.15352
1.1544
1.14743
1.13191
1.10917
1.08153
1.05113
1.02
0.99125
0.9691
0.957212
0.956821
0.966251
0.98209
1.00084
1.0199
1.03769
1.05342
1.06681
1.07776
1.08615
1.09164
1.09369
1.09175
1.08557
1.07542
1.06231
1.04802
1.03506
1.02642
1.02468
1.03061
1.04225
1.05575
1.06731
1.07431
1.07539
1.07006
1.05883
1.04393
1.02962
1.02034
1.01785
1.0206
1.02615
1.03307
1.04074
1.04862
1.0561
1.06273
1.06831
1.07284
1.07624
1.07845
1.07972
1.08079
1.08285
1.08707
1.09407
1.10359
1.1146
1.12576
1.13585
1.14388
1.14915
1.15138
1.15074
1.14784
1.14341
1.13792
1.13134
1.12324
1.11319
1.10118
1.08781
1.07414
1.06127
1.04994
1.04046
1.03285
1.02704
1.02306
1.02129
1.02257
1.02774
1.03694
1.04946
1.06392
1.07878
1.09264
1.10428
1.11277
1.11741
1.11789
1.11432
1.10735
1.09832
1.08912
1.0817
1.07737
1.07628
1.07748
1.0794
1.08045
1.07949
1.0762
1.07104
1.06519
1.06016
1.05739
1.05769
1.06106
1.06687
1.07409
1.0817
1.08882
1.09484
1.09953
1.10295
1.10539
