0.377921   -0.467724   0.370139
-0.479107   -0.154634   0.191322
-0.405567   -0.405475   -0.128822
0.0990517   -0.39316   -0.234235
-0.348994   0.203479   0.397002
-0.0917448   -0.165274   -0.234194
0.403102   -0.371297   -0.396083
-0.272697   0.246045   0.0699997
-0.312883   -0.0612234   -0.226354
0.494099   0.0158095   -0.314988
-0.0765967   0.356118   0.443353
0.23914   0.492841   0.375929
-0.401387   -0.401409   0.406288
-0.397079   0.105281   0.446679
-0.454162   0.226485   0.476734
0.0621097   -0.256195   0.275938
-0.0200508   -0.295672   -0.315864
-0.334022   -0.0030217   -0.444199
0.487041   0.269117   0.0886427
-0.0265582   0.0144249   0.32725
0.347429   -0.0412233   0.475251
0.370771   -0.0953113   0.169298
-0.406654   0.430704   0.166971
0.440927   0.0460351   0.427276
0.173443   0.189377   -0.428159
-0.295005   -0.0666801   -0.306633
-0.102462   -0.185862   0.100571
-0.413981   -0.323378   -0.221024
0.431712   -0.0652138   -0.133682
-0.103238   -0.0366793   0.477054
0.237072   0.486318   0.0192868
0.447265   -0.479046   -0.483164
0.255185   0.0141126   0.121251
0.271485   0.00132519   0.200355
0.431525   -0.442389   -0.324362
-0.144806   0.241088   0.238572
0.130322   0.143105   -0.492611
0.138048   0.469131   -0.458967
-0.0756821   -0.00264512   -0.435166
0.309351   -0.350397   -0.279843
-0.455966   -0.0447049   0.452517
0.458017   0.434334   -0.219129
0.402409   -0.360315   -0.0175645
0.291081   0.387425   0.493651
-0.406664   -0.104976   0.194723
0.386357   0.109607   0.441016
0.415255   -0.180247   -0.137784
0.164599   0.379436   -0.438284
0.351498   0.046936   0.0512249
0.14549   -0.135807   -0.275797
-0.308968   -0.19793   -0.0160316
0.416595   0.324513   -0.176511
-0.354085   -0.0388529   0.37389
-0.222986   -0.0366866   -0.27665
-0.01789   -0.220155   0.499817
-0.302696   0.473625   -0.19798
0.128985   -0.103035   -0.176533
-0.386911   -0.209238   0.201848
0.463949   0.471884   0.322674
-0.411208   -0.185629   0.0945613
-0.122371   0.0981603   -0.379981
-0.435987   0.298907   -0.300895
-0.443513   0.31445   -0.224909
-0.327628   0.357934   0.0975098
-0.408296   -0.316111   -0.0498899
0.0780962   -0.0018662   -0.498135
-0.424837   0.115251   0.349151
0.371569   -0.199932   0.320857
0.440503   0.0731852   0.0699095
-0.312098   0.173953   0.16648
0.311637   0.381747   -0.0980074
0.47601   0.336666   -0.343257
0.489719   0.0640873   -0.137278
0.189643   0.0615344   -0.347664
0.32476   -0.432177   -0.240398
-0.493029   -0.173796   -0.465957
-0.197949   0.298838   0.439696
0.405119   -0.029761   0.267749
-0.481566   0.114408   0.184592
-0.216718   -0.0720535   0.184092
-0.498429   0.09712   -0.496866
0.497049   0.478757   0.41696
0.0490486   0.19551   0.118416
-0.411251   0.0750548   -0.306717
-0.182414   0.337127   0.206494
0.325369   0.346267   -0.435418
0.478832   -0.467436   0.142515
-0.425917   -0.180864   0.013694
-0.269998   0.499916   0.118935
0.364536   -0.283898   -0.0735318
-0.394904   0.395021   0.291758
0.156693   -0.372595   0.0761907
-0.323155   -0.402549   -0.284922
-0.470377   0.4419   -0.357801
0.337702   0.316771   0.0583603
0.0391751   0.348641   -0.0299278
-0.0793812   -0.335278   -0.00578933
-0.412141   0.447281   -0.414225
-0.0385958   -0.131981   0.436717
0.113926   -0.446703   0.211639
0.39768   -0.00423762   -0.470274
-0.170913   -0.0329616   -0.118089
0.124756   0.202764   -0.071315
0.484723   -0.261948   -0.17284
-0.445846   0.0117146   -0.0988587
0.460065   0.204346   0.359748
-0.476147   0.0897904   0.415977
-0.190962   0.215155   -0.208488
