         1.2
     1.20001
     1.20002
     1.20003
     1.20005
     1.20007
      1.2001
     1.20013
     1.20017
     1.20021
     1.20025
      1.2003
     1.20036
     1.20041
     1.20048
     1.20055
     1.20062
      1.2007
     1.20078
     1.20087
     1.20097
     1.20107
     1.20117
     1.20129
     1.20141
     1.20153
     1.20166
      1.2018
     1.20195
      1.2021
     1.20226
     1.20243
     1.20261
     1.20279
     1.20298
     1.20319
      1.2034
     1.20362
     1.20384
     1.20408
     1.20433
      1.2046
     1.20487
     1.20515
     1.20545
     1.20576
     1.20609
     1.20643
     1.20678
     1.20715
     1.20754
     1.20795
     1.20837
     1.20882
     1.20928
     1.20977
     1.21028
     1.21082
     1.21138
     1.21197
     1.21259
     1.21324
     1.21392
     1.21464
      1.2154
      1.2162
     1.21704
     1.21793
     1.21886
     1.21985
     1.22089
     1.22199
     1.22316
     1.22438
     1.22568
     1.22706
      1.2285
     1.23003
     1.23164
     1.23333
      1.2351
     1.23695
     1.23886
     1.24081
     1.24279
     1.24473
     1.24657
     1.24822
     1.24954
     1.25035
     1.25042
     1.24953
     1.24751
     1.24439
     1.24063
     1.23719
     1.23545
     1.23663
     1.24109
     1.24812
      1.2563
     1.26427
     1.27116
     1.27662
     1.28067
     1.28355
     1.28554
     1.28693
     1.28802
     1.28902
      1.2901
      1.2913
     1.29257
     1.29374
     1.29456
     1.29475
     1.29406
     1.29229
     1.28935
     1.28527
     1.28022
     1.27445
     1.26832
     1.26225
     1.25671
     1.25222
     1.24932
      1.2485
     1.25011
     1.25416
     1.26038
     1.26817
     1.27686
     1.28579
      1.2944
     1.30224
     1.30897
     1.31439
      1.3185
     1.32148
     1.32368
     1.32551
     1.32736
     1.32947
     1.33189
      1.3345
     1.33708
     1.33942
     1.34133
      1.3427
     1.34346
     1.34361
     1.34313
     1.34207
     1.34045
     1.33833
     1.33575
     1.33277
     1.32938
     1.32552
      1.3211
     1.31599
     1.31021
     1.30408
     1.29839
     1.29434
     1.29317
     1.29548
     1.30087
     1.30819
     1.31612
     1.32368
     1.33038
     1.33612
     1.34099
     1.34516
     1.34878
     1.35196
     1.35475
     1.35717
      1.3592
     1.36083
     1.36202
     1.36275
     1.36301
      1.3628
     1.36216
     1.36115
     1.35988
     1.35851
     1.35723
     1.35627
     1.35587
      1.3562
     1.35737
     1.35939
     1.36214
     1.36547
     1.36912
     1.37283
     1.37636
     1.37945
     1.38192
     1.38361
     1.38446
     1.38444
     1.38365
     1.38227
      1.3806
     1.37902
     1.37794
     1.37778
     1.37879
     1.38105
     1.38437
      1.3884
     1.39265
     1.39668
     1.40014
      1.4028
     1.40451
     1.40523
     1.40491
     1.40355
     1.40115
     1.39769
      1.3932
     1.38774
     1.38148
     1.37471
     1.36785
     1.36147
     1.35619
     1.35251
     1.35072
     1.35081
     1.35247
     1.35528
     1.35882
     1.36278
     1.36698
     1.37133
     1.37577
     1.38033
     1.38499
     1.38972
     1.39447
     1.39911
     1.40351
     1.40753
     1.41109
     1.41412
     1.41663
     1.41863
     1.42018
     1.42132
     1.42212
     1.42261
      1.4228
     1.42265
     1.42207
     1.42088
     1.41882
     1.41553
     1.41061
     1.40368
     1.39456
     1.38347
     1.37124
     1.35931
     1.34931
      1.3424
     1.33877
     1.33788
     1.33893
     1.34128
      1.3445
     1.34832
     1.35255
     1.35701
     1.36159
     1.36621
     1.37082
     1.37539
     1.37989
     1.38424
     1.38836
     1.39213
     1.39544
     1.39816
     1.40021
     1.40149
     1.40196
     1.40157
     1.40032
     1.39824
     1.39539
     1.39188
     1.38785
     1.38355
     1.37926
     1.37534
     1.37218
     1.37015
     1.36947
     1.37016
     1.37202
      1.3747
     1.37774
     1.38078
     1.38348
     1.38567
     1.38725
     1.38819
     1.38853
     1.38834
     1.38772
     1.38678
     1.38564
     1.38441
      1.3832
     1.38209
     1.38112
     1.38032
     1.37968
      1.3792
     1.37885
     1.37861
     1.37848
     1.37846
     1.37859
     1.37887
     1.37933
     1.37997
     1.38079
     1.38174
     1.38279
     1.38388
     1.38496
     1.38596
     1.38685
      1.3876
     1.38819
     1.38863
     1.38892
     1.38909
     1.38915
     1.38912
     1.38901
      1.3888
     1.38848
     1.38801
     1.38736
     1.38648
     1.38534
     1.38395
      1.3823
     1.38044
     1.37846
     1.37644
     1.37452
     1.37281
     1.37142
     1.37044
     1.36991
     1.36985
     1.37024
     1.37107
     1.37227
      1.3738
     1.37559
     1.37761
     1.37983
     1.38224
     1.38486
     1.38769
     1.39069
     1.39378
     1.39684
     1.39972
     1.40226
     1.40434
     1.40584
     1.40666
     1.40674
     1.40605
     1.40456
     1.40231
      1.3994
     1.39605
     1.39254
     1.38926
     1.38662
     1.38495
     1.38443
     1.38501
     1.38646
     1.38838
     1.39036
     1.39202
     1.39304
     1.39327
     1.39264
     1.39127
     1.38936
     1.38727
     1.38541
     1.38417
      1.3838
     1.38431
     1.38555
     1.38724
     1.38915
     1.39116
     1.39324
     1.39541
     1.39767
     1.39992
     1.40194
     1.40347
     1.40422
     1.40389
     1.40224
     1.39909
     1.39435
      1.3881
     1.38068
     1.37278
      1.3654
     1.35974
     1.35681
     1.35707
     1.36029
     1.36565
     1.37207
     1.37859
     1.38452
      1.3895
     1.39342
     1.39636
     1.39848
     1.39995
     1.40097
     1.40168
     1.40218
     1.40255
      1.4028
     1.40293
     1.40289
     1.40263
     1.40208
     1.40115
      1.3998
     1.39802
     1.39587
      1.3935
     1.39118
     1.38927
     1.38812
     1.38797
     1.38886
      1.3906
     1.39286
     1.39526
     1.39744
     1.39918
     1.40033
     1.40086
     1.40075
     1.40003
     1.39878
     1.39704
     1.39493
     1.39255
     1.39007
     1.38769
     1.38562
     1.38408
     1.38325
     1.38323
     1.38402
      1.3855
     1.38746
     1.38963
     1.39174
     1.39352
     1.39474
     1.39524
     1.39492
     1.39378
      1.3919
     1.38945
     1.38674
     1.38409
     1.38183
     1.38018
     1.37915
     1.37864
     1.37845
     1.37845
     1.37858
     1.37897
     1.37983
     1.38139
      1.3838
     1.38706
       1.391
     1.39531
     1.39965
     1.40369
     1.40718
     1.40995
      1.4119
     1.41301
     1.41329
     1.41277
     1.41152
     1.40963
     1.40721
     1.40442
     1.40142
     1.39836
     1.39532
     1.39233
     1.38928
     1.38603
     1.38242
     1.37833
     1.37376
     1.36889
     1.36406
     1.35976
     1.35656
     1.35494
     1.35519
     1.35723
     1.36071
     1.36504
      1.3696
     1.37385
     1.37748
     1.38037
     1.38258
     1.38433
     1.38582
     1.38727
     1.38881
     1.39052
     1.39235
     1.39418
     1.39571
     1.39653
     1.39603
     1.39347
     1.38802
     1.37903
     1.36672
     1.35318
     1.34281
     1.34024
     1.34669
     1.35883
     1.37187
     1.38264
     1.39019
     1.39481
     1.39717
      1.3979
     1.39749
      1.3963
      1.3946
      1.3926
     1.39047
     1.38838
     1.38642
     1.38467
     1.38315
     1.38185
     1.38071
     1.37966
     1.37864
     1.37757
     1.37639
     1.37507
      1.3736
     1.37198
     1.37029
     1.36868
     1.36733
      1.3665
     1.36641
     1.36722
     1.36892
     1.37137
     1.37434
     1.37753
     1.38069
     1.38364
     1.38627
     1.38856
     1.39051
     1.39216
     1.39357
     1.39479
     1.39586
     1.39685
     1.39777
     1.39866
     1.39954
     1.40043
     1.40135
     1.40229
     1.40326
     1.40425
     1.40524
     1.40623
     1.40719
     1.40807
     1.40884
     1.40945
     1.40984
     1.40994
     1.40969
     1.40902
     1.40788
     1.40622
     1.40409
     1.40159
     1.39897
     1.39662
     1.39501
     1.39462
     1.39572
     1.39824
      1.4018
     1.40576
     1.40945
     1.41229
     1.41379
     1.41359
     1.41142
     1.40706
      1.4004
     1.39166
      1.3816
     1.37185
     1.36478
     1.36262
     1.36623
     1.37444
     1.38494
     1.39553
      1.4049
     1.41267
     1.41901
     1.42422
     1.42856
     1.43211
     1.43482
     1.43659
     1.43734
     1.43709
     1.43598
      1.4343
     1.43249
     1.43103
     1.43039
     1.43076
     1.43202
     1.43363
     1.43476
     1.43446
     1.43179
     1.42612
     1.41739
     1.40668
      1.3963
     1.38913
     1.38678
     1.38836
     1.39116
     1.39255
     1.39132
     1.38798
     1.38442
     1.38299
      1.3853
     1.39132
     1.39967
     1.40866
     1.41709
     1.42437
      1.4304
     1.43524
     1.43901
     1.44181
     1.44371
     1.44475
     1.44496
     1.44435
     1.44293
     1.44072
     1.43775
      1.4341
     1.42992
     1.42547
     1.42113
     1.41732
     1.41449
     1.41294
     1.41277
     1.41385
     1.41586
     1.41843
     1.42122
     1.42397
      1.4265
     1.42873
     1.43062
     1.43213
     1.43324
      1.4339
     1.43403
     1.43356
     1.43243
     1.43056
     1.42798
     1.42478
     1.42118
     1.41754
     1.41434
     1.41201
     1.41079
     1.41056
     1.41081
     1.41091
     1.41031
     1.40882
     1.40671
     1.40467
     1.40363
     1.40441
     1.40733
     1.41212
     1.41801
     1.42412
     1.42971
     1.43435
     1.43785
     1.44016
      1.4413
     1.44134
     1.44032
     1.43833
     1.43546
     1.43185
     1.42774
     1.42348
     1.41956
      1.4166
     1.41516
     1.41557
     1.41776
      1.4213
     1.42557
     1.43002
     1.43423
     1.43798
     1.44117
     1.44376
     1.44575
     1.44715
     1.44797
     1.44825
       1.448
     1.44728
     1.44613
      1.4446
     1.44273
     1.44057
     1.43816
     1.43554
     1.43276
      1.4299
      1.4271
     1.42454
     1.42241
     1.42085
     1.41982
      1.4191
     1.41832
     1.41714
     1.41548
     1.41367
     1.41252
     1.41299
     1.41571
     1.42062
     1.42697
     1.43375
     1.44009
      1.4455
     1.44983
     1.45311
      1.4555
     1.45716
     1.45821
     1.45876
     1.45887
     1.45855
      1.4578
     1.45658
     1.45483
     1.45248
     1.44949
     1.44585
     1.44168
      1.4372
     1.43283
     1.42905
     1.42635
     1.42505
     1.42516
      1.4264
     1.42832
     1.43047
     1.43246
     1.43404
     1.43508
     1.43556
      1.4355
     1.43502
     1.43426
      1.4334
     1.43265
     1.43217
     1.43207
     1.43236
     1.43295
     1.43373
     1.43459
     1.43549
     1.43645
     1.43756
     1.43889
     1.44048
     1.44228
     1.44419
     1.44605
      1.4477
     1.44899
      1.4498
     1.45004
     1.44963
     1.44856
     1.44685
      1.4446
       1.442
      1.4393
     1.43676
     1.43456
     1.43276
     1.43126
      1.4299
     1.42858
      1.4274
     1.42669
     1.42687
     1.42826
     1.43084
     1.43429
     1.43807
     1.44167
      1.4447
     1.44695
     1.44836
     1.44895
     1.44877
     1.44786
     1.44627
     1.44403
     1.44119
     1.43782
     1.43411
     1.43033
     1.42687
     1.42414
     1.42247
     1.42195
     1.42237
     1.42331
     1.42423
     1.42468
     1.42441
      1.4234
     1.42185
     1.42011
     1.41855
     1.41744
     1.41684
     1.41657
     1.41624
     1.41547
     1.41396
     1.41163
     1.40866
     1.40543
     1.40243
     1.40015
     1.39889
     1.39875
     1.39965
     1.40137
     1.40366
     1.40629
     1.40904
     1.41174
     1.41426
     1.41649
     1.41839
     1.41993
     1.42113
     1.42203
     1.42271
     1.42322
     1.42364
     1.42404
     1.42444
     1.42487
     1.42533
     1.42582
      1.4263
     1.42676
     1.42714
     1.42742
     1.42755
     1.42748
     1.42718
      1.4266
      1.4257
     1.42444
      1.4228
      1.4208
     1.41843
     1.41577
     1.41286
      1.4098
     1.40663
      1.4034
     1.40013
     1.39684
      1.3936
     1.39055
     1.38793
       1.386
     1.38505
     1.38522
     1.38647
     1.38857
     1.39117
     1.39386
     1.39626
     1.39813
     1.39933
     1.39984
     1.39974
     1.39915
     1.39828
      1.3974
     1.39684
     1.39692
     1.39785
     1.39965
     1.40215
     1.40502
     1.40791
     1.41051
     1.41263
     1.41418
     1.41517
     1.41563
     1.41565
     1.41529
     1.41463
     1.41374
     1.41266
     1.41145
     1.41013
     1.40871
     1.40722
     1.40563
     1.40392
     1.40208
     1.40004
     1.39777
     1.39521
      1.3923
     1.38901
     1.38532
     1.38124
     1.19613
     1.19206
     1.18823
     1.18491
     1.18242
     1.18102
     1.18088
     1.18204
     1.18442
     1.18779
     1.19188
     1.19636
     1.20093
     1.20533
     1.20936
      1.2129
     1.21587
     1.21827
      1.2201
      1.2214
     1.22223
     1.22261
     1.22257
     1.22211
     1.22122
     1.21987
     1.21799
     1.21552
     1.21241
     1.20863
     1.20422
     1.19934
     1.19424
     1.18931
     1.18497
     1.18164
      1.1796
     1.17898
     1.17972
     1.18161
     1.18431
     1.18741
     1.19051
     1.19328
     1.19555
     1.19726
     1.19847
     1.19931
     1.19993
     1.20047
       1.201
     1.20154
     1.20206
     1.20246
     1.20262
     1.20241
     1.20174
     1.20054
     1.19884
     1.19675
     1.19449
     1.19237
     1.19074
     1.18987
     1.18993
     1.19092
      1.1927
     1.19508
     1.19786
     1.20085
     1.20389
     1.20683
     1.20951
     1.21175
     1.21339
     1.21425
     1.21415
     1.21291
     1.21042
     1.20666
     1.20183
     1.19648
     1.19152
     1.18805
     1.18696
     1.18849
     1.19213
     1.19694
     1.20198
     1.20659
     1.21047
     1.21354
     1.21588
     1.21761
     1.21885
     1.21971
     1.22027
     1.22059
     1.22074
     1.22077
     1.22069
     1.22054
     1.22033
     1.22006
     1.21971
     1.21927
     1.21868
     1.21793
     1.21696
     1.21575
     1.21431
     1.21267
     1.21091
     1.20913
      1.2075
     1.20615
     1.20522
     1.20482
     1.20502
      1.2059
     1.20749
      1.2098
     1.21278
     1.21631
     1.22023
     1.22431
     1.22832
     1.23207
      1.2354
     1.23821
     1.24045
     1.24208
     1.24311
     1.24356
     1.24348
     1.24292
     1.24197
     1.24074
     1.23935
     1.23796
      1.2367
      1.2357
     1.23499
     1.23459
     1.23441
     1.23432
     1.23417
     1.23378
     1.23303
     1.23183
     1.23019
     1.22822
      1.2261
      1.2241
     1.22249
     1.22151
     1.22129
     1.22185
     1.22313
     1.22496
     1.22715
     1.22947
      1.2317
     1.23367
     1.23521
     1.23624
     1.23675
     1.23682
      1.2366
     1.23632
     1.23621
     1.23644
      1.2371
     1.23819
     1.23958
     1.24112
     1.24262
     1.24393
     1.24491
     1.24551
     1.24569
     1.24546
     1.24484
      1.2439
     1.24268
     1.24126
     1.23971
     1.23809
     1.23648
     1.23495
     1.23355
     1.23233
     1.23131
     1.23047
     1.22976
     1.22912
     1.22847
     1.22775
     1.22697
     1.22622
     1.22566
     1.22553
     1.22607
     1.22747
     1.22978
     1.23292
     1.23667
     1.24078
     1.24498
     1.24905
     1.25284
     1.25625
     1.25922
     1.26174
     1.26378
     1.26532
     1.26635
     1.26683
      1.2667
     1.26589
      1.2643
      1.2618
     1.25825
     1.25352
      1.2475
     1.24018
     1.23172
     1.22248
      1.2131
     1.20437
     1.19711
     1.19188
     1.18878
     1.18743
     1.18716
     1.18732
     1.18748
     1.18758
     1.18795
     1.18913
     1.19166
     1.19582
      1.2015
     1.20824
     1.21541
     1.22236
     1.22862
     1.23385
     1.23794
     1.24088
     1.24277
     1.24374
     1.24396
     1.24359
     1.24278
     1.24165
      1.2403
     1.23883
      1.2373
     1.23576
     1.23423
     1.23275
     1.23131
     1.22991
     1.22857
     1.22726
     1.22598
     1.22474
     1.22355
     1.22241
     1.22135
      1.2204
     1.21961
     1.21901
     1.21864
     1.21851
     1.21861
     1.21891
     1.21932
     1.21971
      1.2199
     1.21966
     1.21872
     1.21672
     1.21335
     1.20837
     1.20184
     1.19439
     1.18731
     1.18229
     1.18067
     1.18264
     1.18727
     1.19318
     1.19928
     1.20502
     1.21021
      1.2148
     1.21873
     1.22195
     1.22439
     1.22602
     1.22685
     1.22692
     1.22631
      1.2251
     1.22343
     1.22145
     1.21939
     1.21749
     1.21601
     1.21518
     1.21511
     1.21577
     1.21697
     1.21841
     1.21973
     1.22058
     1.22069
     1.21992
     1.21829
     1.21598
     1.21339
     1.21106
     1.20958
     1.20946
     1.21094
     1.21391
     1.21798
     1.22261
     1.22725
     1.23146
     1.23493
     1.23749
     1.23906
     1.23965
     1.23931
     1.23817
     1.23639
     1.23416
      1.2317
     1.22921
      1.2268
     1.22452
     1.22231
      1.2201
     1.21784
     1.21568
     1.21402
     1.21344
     1.21449
     1.21739
     1.22185
     1.22717
     1.23257
     1.23743
     1.24139
     1.24436
     1.24643
     1.24773
     1.24844
     1.24871
     1.24868
     1.24843
     1.24805
     1.24757
     1.24701
      1.2464
     1.24573
     1.24501
     1.24423
     1.24342
     1.24261
     1.24184
     1.24118
     1.24068
     1.24042
     1.24049
     1.24092
     1.24173
     1.24288
     1.24428
     1.24579
     1.24725
     1.24848
     1.24936
     1.24978
     1.24973
     1.24923
     1.24833
     1.24705
     1.24539
     1.24325
     1.24053
     1.23714
     1.23322
     1.22924
     1.22606
      1.2247
      1.2259
     1.22967
     1.23522
     1.24138
      1.2471
      1.2517
     1.25499
     1.25708
     1.25827
     1.25889
     1.25925
     1.25955
     1.25985
     1.26009
     1.26009
     1.25965
     1.25853
     1.25656
     1.25365
      1.2498
     1.24518
     1.24011
     1.23502
     1.23045
     1.22693
     1.22486
     1.22451
     1.22592
     1.22894
     1.23326
     1.23845
     1.24403
      1.2495
     1.25442
     1.25841
      1.2612
     1.26257
     1.26243
      1.2608
     1.25792
     1.25427
     1.25058
     1.24771
     1.24634
     1.24673
     1.24859
     1.25131
     1.25417
     1.25663
     1.25839
     1.25936
     1.25954
     1.25901
      1.2578
     1.25592
     1.25333
     1.25001
     1.24601
     1.24152
      1.2369
     1.23267
     1.22937
     1.22738
     1.22682
     1.22755
     1.22925
     1.23162
      1.2344
      1.2374
     1.24049
     1.24354
     1.24642
     1.24903
     1.25132
     1.25324
     1.25481
     1.25609
     1.25711
     1.25795
     1.25866
     1.25927
     1.25982
     1.26034
     1.26086
     1.26144
     1.26213
       1.263
     1.26411
     1.26552
     1.26724
     1.26925
     1.27149
     1.27387
     1.27625
      1.2785
     1.28046
     1.28199
     1.28292
     1.28311
     1.28241
     1.28068
     1.27783
     1.27379
     1.26861
     1.26246
     1.25563
     1.24856
     1.24176
     1.23572
      1.2309
     1.22767
     1.22632
     1.22699
     1.22953
      1.2335
     1.23819
     1.24285
     1.24691
     1.25002
     1.25213
      1.2534
     1.25412
     1.25463
     1.25524
     1.25614
     1.25739
     1.25892
     1.26055
     1.26206
     1.26328
     1.26411
     1.26451
     1.26448
     1.26406
     1.26331
     1.26225
     1.26091
     1.25928
     1.25735
      1.2551
     1.25251
     1.24962
     1.24648
     1.24323
     1.24004
     1.23715
     1.23479
     1.23313
     1.23221
     1.23198
     1.23227
     1.23289
     1.23371
     1.23462
     1.23561
     1.23669
     1.23786
     1.23914
     1.24046
     1.24174
     1.24285
     1.24368
      1.2441
     1.24401
     1.24335
     1.24208
     1.24021
     1.23779
      1.2349
     1.23165
     1.22817
     1.22457
     1.22101
      1.2177
     1.21492
     1.21302
     1.21234
     1.21308
     1.21508
     1.21793
     1.22102
     1.22378
     1.22578
     1.22682
     1.22688
     1.22608
     1.22466
     1.22288
     1.22107
     1.21949
     1.21837
     1.21783
     1.21786
     1.21836
     1.21915
     1.22004
     1.22083
      1.2214
     1.22162
     1.22141
     1.22073
     1.21952
     1.21774
      1.2154
     1.21256
     1.20941
     1.20628
     1.20367
     1.20209
     1.20193
     1.20325
     1.20579
     1.20903
     1.21242
     1.21551
     1.21799
     1.21971
     1.22063
     1.22075
     1.22016
     1.21898
     1.21738
     1.21566
     1.21414
     1.21319
     1.21306
     1.21386
     1.21548
     1.21764
     1.22001
     1.22225
     1.22414
     1.22551
     1.22629
     1.22649
     1.22614
      1.2253
     1.22406
     1.22254
      1.2209
     1.21931
     1.21796
     1.21703
     1.21668
     1.21697
     1.21788
     1.21934
     1.22117
     1.22319
     1.22519
     1.22699
     1.22843
     1.22938
     1.22973
     1.22941
     1.22838
     1.22662
     1.22421
     1.22129
     1.21811
     1.21504
     1.21249
     1.21088
     1.21047
     1.21134
     1.21335
     1.21619
     1.21949
      1.2229
     1.22615
     1.22906
     1.23154
     1.23353
     1.23503
     1.23605
     1.23663
     1.23678
     1.23654
     1.23596
     1.23508
     1.23396
     1.23269
     1.23137
     1.23011
     1.22902
     1.22822
     1.22779
      1.2278
     1.22826
     1.22913
     1.23034
     1.23179
     1.23337
     1.23495
     1.23645
     1.23776
     1.23883
      1.2396
        1.24
     1.24001
     1.23956
     1.23858
     1.23702
     1.23482
     1.23198
     1.22863
       1.225
     1.22155
     1.21879
      1.2172
     1.21702
     1.21812
     1.22009
     1.22242
     1.22465
      1.2265
     1.22788
     1.22884
     1.22947
     1.22989
     1.23018
     1.23039
     1.23053
     1.23056
     1.23044
     1.23012
     1.22956
     1.22877
      1.2278
     1.22673
      1.2257
     1.22485
      1.2243
     1.22411
     1.22427
      1.2247
     1.22526
     1.22578
     1.22611
     1.22613
     1.22574
     1.22492
     1.22371
     1.22226
     1.22077
     1.21956
     1.21892
      1.2191
     1.22014
      1.2219
     1.22405
     1.22615
     1.22779
     1.22867
     1.22864
     1.22776
      1.2263
     1.22468
      1.2234
      1.2229
     1.22334
     1.22466
      1.2265
     1.22849
     1.23025
     1.23159
     1.23243
     1.23281
     1.23285
     1.23267
     1.23241
     1.23216
     1.23198
     1.23191
     1.23195
     1.23209
     1.23233
     1.23267
     1.23312
     1.23372
     1.23448
     1.23543
     1.23657
     1.23788
     1.23932
     1.24083
     1.24234
     1.24377
     1.24506
     1.24614
     1.24696
     1.24747
     1.24765
     1.24747
     1.24694
     1.24607
     1.24489
     1.24346
     1.24188
     1.24025
     1.23867
     1.23726
     1.23611
     1.23524
     1.23463
     1.23422
     1.23392
     1.23364
     1.23339
     1.23324
     1.23336
     1.23395
     1.23516
     1.23703
     1.23943
     1.24212
     1.24481
     1.24725
     1.24926
     1.25079
     1.25181
     1.25241
     1.25266
     1.25266
     1.25251
     1.25226
     1.25199
     1.25171
     1.25144
     1.25117
      1.2509
     1.25059
     1.25022
     1.24974
     1.24912
      1.2483
     1.24723
     1.24582
     1.24401
     1.24173
     1.23898
     1.23586
     1.23267
     1.22988
     1.22812
     1.22794
      1.2296
     1.23295
     1.23743
     1.24231
     1.24694
     1.25083
     1.25375
     1.25562
     1.25652
     1.25663
     1.25621
     1.25557
       1.255
     1.25474
     1.25489
     1.25538
     1.25601
     1.25653
     1.25664
     1.25614
     1.25486
     1.25273
     1.24975
     1.24596
     1.24147
     1.23641
       1.231
     1.22548
     1.22012
     1.21524
     1.21113
     1.20809
     1.20634
     1.20606
     1.20735
     1.21023
     1.21457
     1.22011
     1.22644
     1.23308
     1.23956
     1.24548
     1.25062
     1.25485
      1.2582
     1.26072
     1.26252
     1.26372
     1.26442
      1.2647
     1.26462
     1.26419
      1.2634
     1.26219
     1.26044
     1.25806
     1.25492
       1.251
     1.24645
     1.24167
     1.23736
     1.23433
     1.23323
     1.23417
     1.23665
      1.2398
     1.24275
     1.24482
     1.24566
     1.24516
     1.24338
     1.24047
     1.23667
     1.23232
     1.22782
     1.22365
     1.22032
      1.2183
     1.21791
     1.21926
     1.22223
     1.22643
     1.23136
     1.23639
     1.24088
     1.24425
     1.24595
     1.24561
     1.24312
     1.23878
     1.23349
      1.2285
       1.225
     1.22345
     1.22339
     1.22405
     1.22496
     1.22629
     1.22856
     1.23211
     1.23687
     1.24237
     1.24801
     1.25321
     1.25755
     1.26079
     1.26276
     1.26345
     1.26295
      1.2615
     1.25948
     1.25746
       1.256
     1.25556
     1.25629
     1.25798
     1.26014
      1.2622
     1.26363
      1.2641
      1.2634
     1.26147
     1.25836
     1.25421
     1.24923
     1.24376
     1.23819
     1.23303
     1.22878
     1.22588
     1.22462
     1.22502
     1.22685
     1.22968
     1.23303
     1.23648
     1.23977
      1.2428
     1.24561
      1.2483
     1.25097
     1.25369
     1.25649
     1.25934
     1.26218
     1.26494
     1.26754
     1.26991
     1.27199
     1.27376
      1.2752
     1.27629
     1.27703
     1.27743
      1.2775
     1.19972
     1.19911
     1.19818
     1.19687
     1.19516
       1.193
     1.19034
     1.18718
     1.18359
     1.17973
     1.17585
     1.17229
     1.16936
      1.1672
     1.16579
      1.1649
     1.16424
     1.16357
     1.16282
     1.16206
     1.16144
     1.16115
     1.16129
     1.16186
     1.16272
     1.16374
     1.16475
     1.16568
     1.16657
     1.16752
     1.16867
     1.17011
     1.17185
     1.17383
     1.17588
     1.17784
     1.17955
     1.18094
     1.18196
     1.18268
     1.18317
     1.18356
     1.18395
     1.18445
     1.18511
     1.18591
     1.18683
     1.18779
      1.1887
     1.18948
     1.19004
     1.19032
     1.19026
     1.18982
     1.18896
     1.18764
     1.18587
     1.18362
     1.18091
     1.17779
     1.17432
      1.1706
     1.16672
     1.16283
     1.15903
      1.1554
     1.15198
     1.14878
     1.14579
     1.14307
     1.14074
       1.139
     1.13813
     1.13835
     1.13983
     1.14256
     1.14638
     1.15103
     1.15616
      1.1614
     1.16641
     1.17091
     1.17472
     1.17772
     1.17992
     1.18142
     1.18238
     1.18303
      1.1836
     1.18428
     1.18518
     1.18632
     1.18763
     1.18899
     1.19027
     1.19138
     1.19225
     1.19286
     1.19321
     1.19333
     1.19325
     1.19298
     1.19255
     1.19196
     1.19122
     1.19032
     1.18927
     1.18811
     1.18687
      1.1856
     1.18435
     1.18317
     1.18206
     1.18097
     1.17984
     1.17855
     1.17702
     1.17518
     1.17305
     1.17074
     1.16845
     1.16643
     1.16493
     1.16411
     1.16403
     1.16462
     1.16574
     1.16724
       1.169
     1.17094
     1.17303
     1.17521
     1.17745
     1.17968
     1.18184
     1.18386
     1.18568
     1.18727
     1.18862
     1.18973
     1.19063
     1.19133
     1.19188
     1.19229
     1.19258
     1.19277
     1.19286
     1.19285
     1.19273
      1.1925
     1.19214
     1.19163
     1.19095
      1.1901
     1.18905
     1.18782
     1.18642
      1.1849
     1.18334
     1.18184
     1.18054
     1.17953
     1.17889
     1.17865
     1.17877
     1.17919
     1.17984
      1.1807
     1.18177
     1.18312
     1.18478
     1.18675
       1.189
      1.1914
     1.19381
     1.19607
     1.19802
     1.19955
     1.20054
     1.20094
     1.20072
     1.19986
     1.19839
     1.19639
     1.19395
     1.19123
     1.18843
     1.18581
     1.18367
      1.1823
     1.18192
     1.18264
      1.1844
       1.187
     1.19017
     1.19365
     1.19718
     1.20061
     1.20381
     1.20672
     1.20926
     1.21136
     1.21295
     1.21396
     1.21434
     1.21407
     1.21321
     1.21188
     1.21024
      1.2085
      1.2069
     1.20562
     1.20481
     1.20452
      1.2047
     1.20526
     1.20602
     1.20682
      1.2075
     1.20796
     1.20813
       1.208
      1.2076
       1.207
     1.20632
     1.20566
     1.20517
     1.20495
      1.2051
     1.20564
     1.20652
     1.20762
     1.20877
     1.20977
     1.21042
      1.2106
     1.21026
     1.20949
     1.20848
     1.20749
     1.20676
     1.20646
     1.20663
     1.20724
     1.20823
     1.20955
     1.21116
     1.21297
     1.21481
     1.21639
     1.21739
     1.21747
     1.21636
     1.21384
      1.2098
     1.20422
      1.1973
     1.18954
     1.18175
     1.17506
     1.17059
     1.16915
     1.17094
     1.17547
     1.18176
     1.18881
     1.19583
     1.20241
     1.20841
     1.21383
     1.21868
     1.22285
     1.22614
     1.22826
     1.22887
     1.22762
     1.22423
      1.2185
     1.21054
     1.20092
     1.19086
     1.18214
     1.17658
     1.17536
     1.17843
     1.18465
      1.1924
     1.20018
     1.20699
     1.21233
     1.21612
     1.21846
     1.21961
     1.21981
      1.2193
     1.21826
     1.21685
     1.21513
     1.21317
     1.21097
     1.20854
     1.20595
      1.2033
     1.20081
     1.19872
      1.1973
     1.19665
     1.19672
     1.19727
     1.19805
     1.19885
     1.19962
     1.20039
     1.20123
     1.20212
     1.20295
     1.20355
     1.20381
     1.20374
     1.20355
     1.20356
     1.20412
     1.20542
     1.20741
     1.20977
     1.21209
     1.21397
     1.21512
     1.21541
     1.21483
     1.21349
     1.21152
     1.20912
     1.20648
      1.2038
     1.20123
     1.19889
     1.19683
     1.19501
     1.19334
     1.19176
     1.19023
     1.18881
     1.18764
     1.18688
     1.18666
     1.18705
     1.18797
     1.18926
      1.1907
     1.19207
     1.19318
      1.1939
     1.19414
     1.19385
     1.19299
     1.19152
     1.18944
     1.18683
     1.18383
     1.18078
     1.17813
     1.17638
     1.17594
     1.17696
     1.17926
      1.1824
     1.18585
     1.18916
       1.192
     1.19424
     1.19583
     1.19682
     1.19728
     1.19732
     1.19702
     1.19644
     1.19564
     1.19467
     1.19354
     1.19226
     1.19083
     1.18922
     1.18741
     1.18535
     1.18302
      1.1804
     1.17753
     1.17445
     1.17129
      1.1682
     1.16535
     1.16291
       1.161
     1.15969
     1.15899
     1.15887
     1.15926
     1.16007
     1.16115
     1.16236
     1.16349
     1.16438
     1.16485
     1.16479
     1.16419
     1.16313
     1.16184
      1.1606
     1.15968
     1.15924
     1.15925
     1.15951
     1.15972
     1.15957
     1.15883
     1.15745
     1.15553
     1.15333
     1.15123
     1.14965
     1.14895
     1.14931
     1.15072
     1.15298
     1.15576
     1.15874
     1.16163
     1.16424
     1.16646
     1.16826
     1.16964
     1.17064
     1.17132
     1.17174
     1.17194
     1.17198
      1.1719
     1.17173
     1.17149
     1.17121
     1.17088
     1.17052
     1.17012
     1.16967
     1.16915
     1.16854
     1.16781
     1.16694
      1.1659
     1.16469
     1.16329
     1.16171
        1.16
     1.15819
     1.15634
     1.15452
     1.15277
     1.15113
     1.14963
     1.14827
     1.14707
     1.14607
     1.14532
     1.14489
     1.14485
     1.14529
     1.14623
     1.14767
     1.14956
     1.15182
     1.15432
     1.15692
     1.15952
       1.162
      1.1643
     1.16637
      1.1682
     1.16977
     1.17113
     1.17227
     1.17322
     1.17399
     1.17459
     1.17501
     1.17524
     1.17526
     1.17504
     1.17455
     1.17377
     1.17268
     1.17128
     1.16957
     1.16759
     1.16542
     1.16315
     1.16094
     1.15899
     1.15752
     1.15675
     1.15685
     1.15786
     1.15969
     1.16209
     1.16476
      1.1674
     1.16979
     1.17177
     1.17331
     1.17443
     1.17519
     1.17562
     1.17573
     1.17549
      1.1748
     1.17354
     1.17162
     1.16898
     1.16564
     1.16181
     1.15783
     1.15422
     1.15153
     1.15017
     1.15029
     1.15171
     1.15401
      1.1567
     1.15934
     1.16163
     1.16336
     1.16438
     1.16462
     1.16404
     1.16269
     1.16079
     1.15869
     1.15689
     1.15591
     1.15611
      1.1576
     1.16015
     1.16334
     1.16661
      1.1695
     1.17164
     1.17286
     1.17307
     1.17234
     1.17079
     1.16864
     1.16615
     1.16363
     1.16141
     1.15979
     1.15898
     1.15902
     1.15985
     1.16127
     1.16304
     1.16492
     1.16671
      1.1683
     1.16959
     1.17053
     1.17112
     1.17136
     1.17129
     1.17095
     1.17043
     1.16984
     1.16931
     1.16897
     1.16891
     1.16918
     1.16973
     1.17048
     1.17124
     1.17185
     1.17211
      1.1719
     1.17108
      1.1696
     1.16743
     1.16462
      1.1613
     1.15772
     1.15421
     1.15122
     1.14916
     1.14827
     1.14856
     1.14978
      1.1515
     1.15328
     1.15479
     1.15585
      1.1564
     1.15651
     1.15628
     1.15586
     1.15543
     1.15514
     1.15516
     1.15557
      1.1564
     1.15757
     1.15895
     1.16035
     1.16158
     1.16248
     1.16291
     1.16283
      1.1622
     1.16104
      1.1594
     1.15735
     1.15498
     1.15241
     1.14981
     1.14733
     1.14514
     1.14329
     1.14177
     1.14046
     1.13919
     1.13782
     1.13628
      1.1346
     1.13288
     1.13124
     1.12977
     1.12857
     1.12771
     1.12731
      1.1275
     1.12838
     1.12988
     1.13181
     1.13381
     1.13553
     1.13669
     1.13718
     1.13706
     1.13653
     1.13583
     1.13523
     1.13485
     1.13474
     1.13481
     1.13488
     1.13479
     1.13438
     1.13355
     1.13228
      1.1306
     1.12858
     1.12634
     1.12401
     1.12176
     1.11977
     1.11827
     1.11747
     1.11751
     1.11838
     1.11987
     1.12161
     1.12314
     1.12405
     1.12401
     1.12282
     1.12042
     1.11691
     1.11251
      1.1076
     1.10271
     1.09845
     1.09538
     1.09393
     1.09425
     1.09621
     1.09944
     1.10345
     1.10775
     1.11195
     1.11577
     1.11906
     1.12177
     1.12388
     1.12546
     1.12654
     1.12722
     1.12754
     1.12759
     1.12743
     1.12709
     1.12664
     1.12611
     1.12551
     1.12489
     1.12425
     1.12362
     1.12302
     1.12248
     1.12204
     1.12174
     1.12162
     1.12172
     1.12206
     1.12263
     1.12342
      1.1244
     1.12551
      1.1267
     1.12793
     1.12914
     1.13031
     1.13141
     1.13243
     1.13334
     1.13416
     1.13486
     1.13546
     1.13594
      1.1363
     1.13655
     1.13666
     1.13665
     1.13652
     1.13629
     1.13597
     1.13561
     1.13524
     1.13495
     1.13478
     1.13481
      1.1351
     1.13567
     1.13651
      1.1376
     1.13887
     1.14022
     1.14159
     1.14289
      1.1441
     1.14524
     1.14638
     1.14763
     1.14913
     1.15097
      1.1532
     1.15582
     1.15871
     1.16174
     1.16475
     1.16759
     1.17015
     1.17234
     1.17414
     1.17552
     1.17651
     1.17713
     1.17742
     1.17745
     1.17726
     1.17693
      1.1765
     1.17605
     1.17561
     1.17522
     1.17488
     1.17461
     1.17438
     1.17417
     1.17397
     1.17372
      1.1734
     1.17299
     1.17247
     1.17189
     1.17131
     1.17085
     1.17064
     1.17077
     1.17126
     1.17206
     1.17302
     1.17399
     1.17486
     1.17562
     1.17636
     1.17726
     1.17845
     1.17998
     1.18177
     1.18365
     1.18538
     1.18677
     1.18771
     1.18817
     1.18818
     1.18784
     1.18724
     1.18649
     1.18565
     1.18479
     1.18395
     1.18319
     1.18252
     1.18197
     1.18154
     1.18118
     1.18085
     1.18045
     1.17991
     1.17917
      1.1782
     1.17706
     1.17584
     1.17473
      1.1739
     1.17354
     1.17377
     1.17464
     1.17612
     1.17807
      1.1803
     1.18259
     1.18477
     1.18669
     1.18829
     1.18956
     1.19053
     1.19123
     1.19169
     1.19194
     1.19195
     1.19169
      1.1911
      1.1901
     1.18861
     1.18653
     1.18378
     1.18031
     1.17607
     1.17108
     1.16542
     1.15926
     1.15287
      1.1466
     1.14085
     1.13605
     1.13255
     1.13062
     1.13032
     1.13155
     1.13405
     1.13743
     1.14132
     1.14537
     1.14935
     1.15312
     1.15661
     1.15979
     1.16266
     1.16521
     1.16742
     1.16929
     1.17081
       1.172
     1.17288
     1.17347
      1.1738
     1.17392
     1.17387
     1.17367
     1.17337
     1.17298
     1.17252
     1.17203
     1.17151
     1.17097
     1.17043
     1.16988
     1.16933
     1.16878
     1.16823
     1.16767
      1.1671
      1.1665
     1.16587
     1.16518
     1.16443
     1.16359
     1.16265
     1.16161
     1.16046
     1.15921
     1.15787
     1.15646
       1.155
     1.15352
     1.15206
     1.15067
     1.14942
      1.1484
     1.14768
     1.14732
     1.14733
     1.14766
     1.14823
     1.14898
     1.14985
     1.15086
     1.15204
     1.15343
     1.15504
     1.15682
     1.15868
     1.16049
     1.16212
     1.16343
     1.16432
     1.16471
     1.16457
     1.16391
     1.16278
     1.16128
     1.15957
     1.15784
     1.15629
     1.15515
     1.15457
     1.15465
      1.1554
     1.15675
     1.15854
     1.16055
     1.16259
     1.16446
       1.166
     1.16712
     1.16778
     1.16797
     1.16775
     1.16718
     1.16635
     1.16534
     1.16422
     1.16301
      1.1617
     1.16025
     1.15859
      1.1567
     1.15459
      1.1524
     1.15035
     1.14873
     1.14778
     1.14764
     1.14825
     1.14939
     1.15078
     1.15214
     1.15328
     1.15414
     1.15473
     1.15513
     1.15546
     1.15581
     1.15627
     1.15687
     1.15761
     1.15848
     1.15943
     1.16044
     1.16147
      1.1625
      1.1635
     1.16443
     1.16529
     1.16605
     1.16667
     1.16713
     1.16742
     1.16752
     1.16742
     1.16714
     1.16669
     1.16613
     1.16551
      1.1649
     1.16436
     1.16394
     1.16367
      1.1635
     1.16338
     1.16324
     1.16299
     1.16261
     1.19948
     1.19888
     1.19833
     1.19795
      1.1978
     1.19788
     1.19809
     1.19827
     1.19825
     1.19786
     1.19696
     1.19547
     1.19336
     1.19067
     1.18759
     1.18446
     1.18187
     1.18048
     1.18088
     1.18327
     1.18737
     1.19246
     1.19772
     1.20247
     1.20628
     1.20896
     1.21051
     1.21106
     1.21078
     1.20992
     1.20873
     1.20747
     1.20638
     1.20562
     1.20527
     1.20532
     1.20564
     1.20609
     1.20648
     1.20662
     1.20639
     1.20572
      1.2046
     1.20309
     1.20131
     1.19943
     1.19762
     1.19605
     1.19485
     1.19413
     1.19396
     1.19439
     1.19542
     1.19705
     1.19923
     1.20189
     1.20487
     1.20801
     1.21111
     1.21398
     1.21645
     1.21839
     1.21973
     1.22041
     1.22045
     1.21992
     1.21892
     1.21757
     1.21601
     1.21436
     1.21271
     1.21109
     1.20949
     1.20788
      1.2062
     1.20439
     1.20235
     1.19997
     1.19715
     1.19382
     1.19002
     1.18592
     1.18192
     1.17856
     1.17653
     1.17644
     1.17868
     1.18323
     1.18967
     1.19725
     1.20514
      1.2126
     1.21913
     1.22444
     1.22843
     1.23111
     1.23252
     1.23272
     1.23174
     1.22957
     1.22625
     1.22186
     1.21661
     1.21091
     1.20532
      1.2005
     1.19691
     1.19469
     1.19361
     1.19318
     1.19286
     1.19228
     1.19127
     1.18988
     1.18832
     1.18696
     1.18619
     1.18638
     1.18772
     1.19018
     1.19352
     1.19736
     1.20128
     1.20493
     1.20805
     1.21048
     1.21213
     1.21296
     1.21296
     1.21217
     1.21066
     1.20856
     1.20607
      1.2035
      1.2012
     1.19952
     1.19872
     1.19888
     1.19986
      1.2014
     1.20317
     1.20488
     1.20632
     1.20737
       1.208
     1.20823
     1.20811
     1.20771
      1.2071
     1.20636
     1.20556
     1.20478
      1.2041
     1.20359
     1.20332
     1.20334
     1.20369
     1.20435
     1.20528
     1.20641
     1.20767
     1.20896
     1.21021
     1.21136
     1.21239
     1.21327
     1.21402
     1.21467
     1.21524
     1.21578
     1.21634
     1.21695
     1.21762
     1.21838
     1.21919
     1.22003
     1.22084
     1.22156
     1.22211
     1.22242
     1.22243
     1.22209
     1.22139
     1.22032
     1.21891
     1.21723
     1.21533
     1.21334
      1.2114
     1.20971
     1.20853
     1.20809
     1.20851
     1.20971
     1.21139
     1.21311
     1.21449
     1.21536
     1.21581
     1.21615
     1.21675
     1.21787
     1.21962
      1.2219
     1.22449
     1.22716
     1.22972
      1.2321
      1.2343
     1.23636
     1.23834
     1.24026
      1.2421
      1.2438
     1.24526
     1.24638
     1.24709
     1.24734
     1.24715
     1.24658
     1.24571
     1.24466
     1.24353
     1.24238
     1.24122
        1.24
     1.23864
     1.23705
     1.23517
     1.23299
     1.23056
     1.22799
     1.22542
     1.22302
     1.22092
     1.21924
     1.21803
      1.2173
     1.21698
     1.21698
     1.21717
     1.21747
     1.21781
     1.21817
     1.21858
     1.21909
     1.21975
      1.2206
     1.22161
     1.22274
     1.22391
     1.22502
     1.22598
     1.22675
     1.22731
     1.22769
     1.22793
      1.2281
     1.22825
     1.22842
      1.2286
     1.22874
     1.22877
     1.22857
     1.22803
     1.22702
      1.2254
      1.2231
     1.22003
     1.21619
     1.21166
     1.20663
     1.20146
     1.19663
     1.19268
     1.19014
     1.18932
     1.19025
     1.19266
     1.19605
     1.19988
     1.20364
     1.20699
     1.20975
     1.21185
     1.21333
     1.21428
     1.21482
     1.21509
     1.21521
      1.2153
     1.21547
     1.21579
     1.21627
     1.21694
     1.21775
     1.21867
     1.21964
     1.22062
     1.22154
     1.22237
     1.22308
     1.22363
     1.22401
     1.22421
     1.22422
     1.22402
     1.22361
     1.22299
     1.22215
     1.22107
     1.21975
     1.21816
     1.21627
     1.21406
     1.21151
     1.20863
     1.20548
     1.20222
     1.19906
     1.19627
      1.1941
     1.19278
      1.1924
     1.19295
     1.19434
     1.19644
      1.1991
     1.20221
     1.20563
     1.20924
     1.21291
     1.21653
     1.21996
      1.2231
     1.22588
     1.22823
     1.23013
     1.23156
     1.23254
     1.23311
     1.23333
     1.23327
     1.23302
     1.23266
      1.2323
     1.23205
       1.232
     1.23221
     1.23274
     1.23358
      1.2347
     1.23602
     1.23742
     1.23875
     1.23983
     1.24046
     1.24043
     1.23955
     1.23769
     1.23494
     1.23161
     1.22839
     1.22615
     1.22563
      1.2271
     1.23017
       1.234
     1.23773
     1.24075
     1.24283
       1.244
     1.24443
     1.24435
     1.24389
     1.24313
     1.24207
     1.24068
     1.23893
      1.2368
     1.23433
     1.23163
     1.22885
     1.22618
     1.22385
      1.2221
     1.22114
     1.22114
     1.22222
     1.22448
      1.2279
     1.23236
     1.23763
     1.24334
     1.24905
     1.25432
     1.25868
     1.26172
     1.26303
      1.2623
     1.25935
      1.2543
     1.24778
     1.24099
     1.23545
     1.23227
     1.23159
     1.23262
     1.23424
      1.2357
     1.23683
     1.23784
     1.23904
      1.2407
     1.24288
     1.24548
     1.24823
     1.25083
     1.25298
     1.25446
      1.2552
     1.25524
      1.2547
     1.25376
     1.25261
     1.25142
     1.25034
     1.24949
     1.24892
     1.24866
     1.24867
      1.2489
     1.24922
     1.24952
     1.24966
     1.24953
     1.24908
     1.24828
     1.24719
     1.24591
     1.24456
     1.24328
     1.24218
     1.24132
      1.2407
     1.24032
     1.24013
     1.24011
     1.24024
     1.24052
     1.24097
     1.24159
     1.24238
     1.24329
     1.24427
     1.24524
     1.24612
     1.24684
     1.24736
     1.24765
     1.24771
     1.24759
     1.24729
     1.24687
     1.24634
     1.24573
     1.24502
     1.24421
     1.24325
      1.2421
     1.24071
     1.23903
     1.23702
     1.23464
     1.23187
     1.22872
     1.22523
     1.22149
     1.21764
     1.21392
     1.21064
     1.20814
     1.20675
     1.20663
     1.20774
     1.20983
     1.21249
     1.21529
     1.21784
     1.21992
     1.22141
     1.22234
     1.22282
     1.22298
     1.22298
     1.22292
     1.22285
     1.22279
      1.2227
     1.22251
     1.22213
     1.22151
     1.22063
     1.21948
     1.21817
     1.21683
     1.21565
     1.21483
     1.21458
       1.215
     1.21612
     1.21785
     1.22004
     1.22248
     1.22496
     1.22733
     1.22947
     1.23132
     1.23284
     1.23406
     1.23498
     1.23564
     1.23608
     1.23631
     1.23637
     1.23626
     1.23601
     1.23561
     1.23508
     1.23441
      1.2336
     1.23266
     1.23159
     1.23039
     1.22907
      1.2276
       1.226
     1.22424
     1.22233
      1.2203
     1.21821
     1.21616
     1.21433
     1.21291
     1.21211
     1.21211
     1.21299
     1.21475
     1.21726
     1.22031
     1.22362
     1.22693
     1.22997
     1.23257
     1.23457
     1.23593
     1.23662
     1.23668
     1.23619
     1.23523
     1.23391
     1.23232
     1.23053
     1.22856
     1.22643
     1.22412
     1.22168
     1.21918
     1.21679
     1.21474
     1.21333
     1.21281
     1.21335
     1.21501
     1.21768
      1.2211
     1.22498
     1.22897
     1.23281
     1.23627
     1.23922
      1.2416
     1.24339
     1.24464
     1.24539
     1.24572
     1.24572
     1.24549
     1.24512
     1.24473
     1.24442
     1.24427
     1.24435
     1.24469
     1.24529
     1.24613
     1.24717
     1.24833
     1.24958
     1.25085
     1.25212
     1.25334
     1.25452
     1.25564
     1.25669
     1.25769
     1.25862
     1.25948
     1.26024
     1.26086
     1.26129
     1.26145
     1.26123
     1.26052
     1.25917
     1.25702
     1.25394
     1.24985
     1.24475
     1.23881
     1.23242
     1.22623
     1.22112
     1.21809
     1.21798
     1.22101
     1.22658
     1.23347
     1.24035
     1.24625
     1.25072
      1.2537
     1.25535
     1.25593
     1.25567
     1.25477
     1.25338
     1.25163
     1.24965
     1.24762
     1.24571
     1.24409
     1.24285
       1.242
     1.24136
     1.24067
     1.23963
       1.238
     1.23573
     1.23301
     1.23031
     1.22825
     1.22742
     1.22806
     1.22988
     1.23221
     1.23422
     1.23527
     1.23499
     1.23335
     1.23058
     1.22709
     1.22337
     1.21992
     1.21719
     1.21548
     1.21492
     1.21544
     1.21685
     1.21884
     1.22109
     1.22331
     1.22525
     1.22676
     1.22775
     1.22821
     1.22815
     1.22764
     1.22674
     1.22554
     1.22411
     1.22252
     1.22084
     1.21912
      1.2174
     1.21571
     1.21409
     1.21253
     1.21106
     1.20965
     1.20829
     1.20695
     1.20557
     1.20412
     1.20253
     1.20076
     1.19875
     1.19648
     1.19394
     1.19118
     1.18824
     1.18524
     1.18231
     1.17962
     1.17736
     1.17575
     1.17497
     1.17515
     1.17632
     1.17846
     1.18145
     1.18511
     1.18924
      1.1936
     1.19795
     1.20211
     1.20592
     1.20928
     1.21211
     1.21437
     1.21603
     1.21703
     1.21732
      1.2168
     1.21537
     1.21287
     1.20915
     1.20405
     1.19742
     1.18923
     1.17968
      1.1694
     1.15973
     1.15271
      1.1505
     1.15423
     1.16313
     1.17497
     1.18725
     1.19817
     1.20684
     1.21303
     1.21685
     1.21852
     1.21832
     1.21659
     1.21375
     1.21037
      1.2071
     1.20464
     1.20351
     1.20397
     1.20589
     1.20891
     1.21258
     1.21644
     1.22017
     1.22351
     1.22633
     1.22854
     1.23011
       1.231
      1.2312
     1.23072
     1.22951
     1.22758
      1.2249
     1.22151
     1.21753
     1.21321
     1.20895
     1.20526
     1.20267
     1.20156
     1.20201
     1.20377
     1.20638
     1.20933
     1.21221
     1.21477
     1.21691
     1.21868
     1.22024
     1.22179
     1.22355
     1.22569
     1.22825
     1.23115
     1.23421
     1.23722
     1.23997
     1.24231
     1.24418
     1.24553
      1.2464
     1.24682
     1.24685
     1.24655
     1.24597
     1.24517
      1.2442
     1.24311
     1.24194
     1.24072
     1.23949
     1.23826
     1.23703
     1.23579
     1.23451
     1.23314
     1.23165
     1.22999
     1.22812
     1.22604
     1.22378
     1.22138
     1.21892
     1.21642
     1.21392
     1.21138
     1.20874
     1.20596
     1.20305
     1.20014
     1.19753
      1.1956
     1.19472
     1.19513
     1.19682
     1.19951
     1.20279
     1.20624
     1.20953
     1.21247
     1.21499
     1.21713
     1.21897
     1.22058
     1.22203
     1.22331
     1.22442
     1.22528
     1.22584
     1.22601
     1.22574
     1.22499
     1.22373
       1.222
     1.21986
     1.21737
     1.21461
      1.2116
     1.20825
     1.20437
     1.19966
     1.19384
     1.18677
     1.17875
     1.17068
     1.16404
     1.16048
     1.16103
     1.16555
     1.17284
     1.18125
     1.18938
     1.19626
     1.20137
     1.20456
     1.20587
     1.20556
     1.20406
     1.20196
     1.19999
     1.19884
     1.19897
     1.20046
     1.20301
     1.20611
     1.20926
     1.21208
     1.21437
     1.21607
     1.21722
     1.21792
     1.21826
     1.21834
     1.21823
     1.21801
     1.21772
      1.2174
     1.21709
     1.21681
     1.21655
     1.21631
     1.21609
     1.21587
     1.21563
     1.21533
     1.21495
     1.21449
     1.21394
     1.21333
      1.2127
     1.21215
     1.21174
     1.21157
     1.21171
     1.21218
     1.21297
       1.214
      1.2152
     1.21642
     1.21755
     1.21845
       1.219
     1.21911
     1.21866
      1.2176
     1.21588
     1.21352
     1.21059
     1.20726
     1.20383
     1.20069
     1.19834
     1.19724
     1.19768
     1.19968
     1.20298
     1.20709
     1.21152
     1.21583
     1.21971
     1.22298
     1.22554
     1.22736
      1.2284
     1.22867
     1.22815
     1.22687
     1.22484
     1.22212
     1.21878
       1.215
     1.21099
     1.20709
     1.20365
     1.20101
     1.19942
     1.19897
     1.19958
     1.20101
     1.20301
     1.20532
     1.20771
     1.21004
     1.21222
      1.2142
     1.21593
     1.21742
     1.21865
     1.21964
     1.22039
     1.22092
     1.22123
     1.22135
     1.22128
     1.22104
     1.22064
     1.22006
     1.21931
     1.21837
     1.21719
     1.21572
      1.2139
     1.21163
     1.20884
     1.20547
     1.20152
     1.19708
     1.19238
     1.18781
     1.18389
     1.18114
     1.17996
     1.18046
     1.18245
     1.18547
     1.18897
     1.19241
      1.1954
     1.19769
     1.19916
      1.1998
     1.19971
     1.19902
     1.19797
     1.19683
     1.19589
     1.19962
     1.19985
     1.20072
     1.20211
      1.2038
     1.20554
     1.20709
     1.20832
     1.20914
     1.20958
     1.20971
     1.20965
     1.20948
      1.2092
     1.20863
     1.20734
     1.20466
     1.19975
     1.19192
     1.18127
     1.16959
     1.16044
     1.15752
      1.1617
     1.17026
     1.17927
     1.18612
     1.19007
     1.19151
     1.19124
     1.19003
     1.18855
     1.18733
     1.18675
     1.18708
     1.18845
     1.19085
     1.19409
     1.19788
     1.20185
     1.20563
     1.20889
     1.21134
     1.21274
     1.21287
     1.21154
     1.20857
     1.20388
      1.1976
     1.19021
     1.18257
     1.17578
     1.17076
     1.16777
     1.16637
     1.16579
     1.16537
     1.16496
      1.1649
     1.16576
     1.16804
     1.17186
     1.17691
     1.18256
     1.18817
     1.19321
     1.19741
     1.20067
     1.20304
     1.20462
     1.20556
     1.20599
     1.20603
      1.2058
     1.20538
     1.20484
     1.20425
     1.20366
     1.20309
     1.20257
     1.20214
     1.20179
     1.20154
      1.2014
     1.20135
     1.20141
     1.20157
     1.20183
     1.20217
     1.20259
     1.20308
     1.20363
     1.20423
     1.20487
     1.20551
     1.20615
     1.20676
     1.20731
     1.20778
     1.20813
     1.20832
     1.20832
     1.20808
     1.20758
     1.20679
     1.20568
     1.20426
     1.20257
     1.20067
     1.19867
     1.19673
     1.19499
     1.19361
     1.19267
     1.19213
     1.19186
     1.19162
     1.19114
     1.19012
     1.18837
     1.18586
     1.18285
     1.17997
     1.17815
     1.17834
     1.18109
     1.18619
     1.19281
     1.19989
     1.20655
     1.21225
     1.21679
     1.22021
     1.22264
     1.22424
     1.22518
     1.22558
     1.22558
     1.22525
     1.22467
      1.2239
     1.22297
     1.22192
     1.22078
     1.21956
     1.21828
     1.21695
      1.2156
     1.21423
     1.21287
     1.21153
     1.21024
     1.20902
     1.20789
     1.20687
     1.20597
     1.20519
     1.20455
     1.20403
     1.20363
     1.20332
     1.20311
     1.20297
     1.20292
     1.20296
      1.2031
     1.20336
     1.20375
     1.20428
     1.20497
     1.20579
     1.20675
      1.2078
     1.20893
      1.2101
     1.21126
      1.2124
     1.21349
     1.21452
     1.21546
     1.21632
     1.21708
     1.21775
     1.21831
     1.21877
     1.21909
     1.21926
     1.21924
     1.21901
      1.2185
     1.21769
     1.21655
     1.21508
     1.21332
     1.21139
     1.20945
      1.2077
     1.20636
     1.20557
     1.20539
     1.20574
      1.2065
     1.20751
     1.20865
     1.20982
       1.211
      1.2122
     1.21345
     1.21479
     1.21626
     1.21788
     1.21963
     1.22145
     1.22324
     1.22487
     1.22622
     1.22719
     1.22776
     1.22798
     1.22797
     1.22787
     1.22783
     1.22793
     1.22813
     1.22832
      1.2283
     1.22786
     1.22691
     1.22557
     1.22415
     1.22314
       1.223
     1.22397
     1.22596
     1.22857
     1.23135
     1.23388
     1.23592
     1.23733
     1.23805
     1.23806
     1.23735
     1.23599
     1.23417
     1.23233
     1.23102
     1.23082
     1.23202
     1.23445
     1.23748
     1.24024
     1.24186
     1.24168
     1.23935
     1.23489
     1.22885
      1.2223
     1.21677
     1.21373
     1.21398
     1.21725
     1.22245
     1.22831
     1.23379
     1.23829
     1.24162
     1.24384
     1.24522
     1.24618
     1.24721
      1.2488
     1.25124
     1.25457
     1.25852
     1.26263
     1.26641
     1.26944
     1.27143
     1.27224
     1.27178
     1.27003
     1.26698
     1.26269
     1.25729
     1.25102
     1.24424
     1.23735
     1.23065
     1.22432
     1.21844
     1.21309
      1.2085
     1.20497
     1.20279
     1.20207
     1.20278
     1.20492
     1.20855
     1.21369
      1.2201
     1.22726
     1.23445
     1.24099
      1.2464
     1.25046
     1.25311
      1.2544
     1.25439
     1.25314
     1.25066
     1.24696
     1.24211
     1.23636
     1.23021
     1.22445
     1.21997
     1.21745
     1.21698
     1.21806
     1.21984
      1.2216
     1.22287
     1.22357
     1.22381
     1.22374
     1.22349
     1.22308
     1.22252
     1.22178
     1.22096
      1.2202
     1.21974
     1.21979
     1.22046
     1.22172
      1.2234
     1.22526
     1.22708
     1.22866
     1.22989
     1.23071
     1.23112
     1.23114
      1.2308
     1.23014
     1.22922
     1.22807
     1.22676
     1.22538
     1.22403
      1.2228
     1.22183
      1.2212
     1.22098
     1.22117
     1.22172
     1.22253
     1.22347
     1.22442
     1.22526
     1.22591
     1.22633
     1.22649
     1.22644
     1.22621
     1.22589
     1.22556
     1.22528
     1.22511
     1.22509
     1.22522
     1.22547
     1.22582
     1.22622
     1.22663
     1.22698
      1.2272
     1.22719
     1.22685
     1.22609
     1.22482
     1.22301
     1.22068
     1.21791
     1.21478
     1.21139
     1.20779
       1.204
     1.20004
     1.19602
      1.1922
     1.18896
     1.18679
     1.18608
     1.18705
     1.18968
     1.19373
     1.19879
     1.20444
     1.21023
     1.21576
     1.22072
     1.22483
     1.22794
     1.22993
     1.23079
     1.23054
     1.22927
     1.22711
      1.2242
      1.2207
     1.21683
     1.21286
     1.20922
     1.20643
     1.20504
     1.20532
      1.2072
     1.21018
     1.21363
     1.21695
     1.21979
     1.22199
     1.22359
     1.22471
      1.2255
     1.22609
     1.22661
     1.22713
     1.22769
     1.22832
     1.22903
     1.22981
     1.23066
     1.23155
     1.23248
     1.23344
     1.23441
     1.23539
     1.23636
     1.23731
     1.23822
     1.23906
      1.2398
      1.2404
     1.24081
     1.24096
     1.24079
     1.24023
     1.23926
     1.23784
     1.23601
     1.23388
     1.23159
     1.22933
     1.22727
      1.2255
     1.22401
     1.22265
     1.22116
     1.21926
     1.21663
     1.21302
     1.20825
     1.20236
     1.19568
     1.18896
     1.18331
     1.17997
     1.17984
     1.18305
     1.18893
      1.1963
     1.20391
     1.21076
     1.21614
     1.21968
     1.22124
     1.22077
     1.21832
     1.21399
     1.20795
     1.20065
       1.193
     1.18655
     1.18324
     1.18445
        1.19
     1.19825
     1.20703
     1.21472
     1.22062
     1.22466
     1.22715
     1.22847
     1.22895
     1.22889
     1.22847
     1.22786
     1.22715
     1.22642
     1.22571
     1.22504
     1.22441
     1.22379
     1.22318
     1.22255
      1.2219
     1.22122
     1.22052
     1.21978
     1.21902
     1.21822
     1.21741
     1.21661
     1.21587
     1.21527
     1.21485
     1.21468
     1.21474
     1.21499
     1.21533
      1.2156
     1.21561
     1.21516
     1.21404
     1.21208
     1.20921
     1.20549
     1.20125
     1.19702
     1.19356
     1.19156
     1.19141
     1.19303
     1.19594
     1.19948
     1.20306
     1.20627
     1.20891
     1.21093
     1.21237
      1.2133
     1.21384
     1.21407
     1.21411
     1.21403
     1.21391
      1.2138
     1.21374
     1.21373
     1.21379
     1.21391
     1.21406
     1.21425
     1.21443
     1.21457
     1.21456
     1.21425
      1.2134
     1.21171
     1.20886
     1.20458
     1.19876
     1.19152
     1.18322
     1.17447
     1.16608
     1.15903
     1.15443
     1.15323
     1.15559
     1.16057
      1.1666
     1.17253
     1.17805
     1.18344
     1.18892
      1.1943
     1.19919
     1.20327
     1.20647
     1.20892
     1.21087
     1.21254
      1.2141
      1.2156
       1.217
     1.21824
     1.21919
     1.21975
     1.21985
     1.21947
     1.21864
     1.21745
     1.21607
      1.2147
     1.21352
     1.21269
      1.2123
     1.21234
     1.21272
     1.21332
     1.21402
     1.21472
     1.21535
     1.21591
     1.21641
     1.21686
     1.21731
     1.21778
     1.21831
     1.21889
     1.21955
     1.22025
     1.22099
     1.22174
     1.22247
     1.22315
     1.22375
     1.22425
     1.22462
     1.22487
     1.22501
     1.22507
     1.22511
     1.22522
     1.22549
     1.22599
     1.22679
     1.22787
     1.22913
     1.23043
     1.23155
     1.23229
      1.2325
      1.2321
     1.23112
      1.2297
     1.22809
     1.22657
     1.22537
     1.22462
      1.2243
     1.22422
     1.22413
     1.22382
     1.22318
     1.22226
     1.22129
     1.22056
     1.22041
     1.22113
     1.22293
     1.22592
      1.2301
     1.23528
     1.24116
     1.24731
     1.25325
     1.25857
     1.26289
     1.26596
     1.26759
     1.26767
     1.26617
     1.26315
     1.25882
     1.25357
     1.24798
     1.24277
     1.23854
     1.23559
      1.2337
     1.23223
     1.23035
     1.22735
     1.22297
     1.21762
     1.21245
     1.20909
     1.20903
     1.21274
     1.21934
     1.22704
     1.23406
     1.23927
     1.24239
     1.24392
     1.24478
     1.24604
     1.24842
     1.25208
     1.25658
     1.26123
     1.26532
     1.26835
     1.26997
        1.27
     1.26826
     1.26455
     1.25872
     1.25081
     1.24133
      1.2316
     1.22369
     1.21975
     1.22082
     1.22617
     1.23387
     1.24193
       1.249
     1.25442
     1.25796
     1.25958
     1.25925
     1.25698
     1.25279
     1.24684
     1.23956
     1.23166
     1.22413
     1.21805
      1.2142
     1.21286
     1.21379
     1.21643
     1.22022
     1.22462
     1.22917
     1.23338
     1.23685
     1.23928
     1.24052
     1.24064
     1.23981
     1.23834
     1.23656
     1.23483
      1.2334
      1.2324
     1.23172
     1.23098
      1.2296
      1.2268
      1.2218
     1.21421
      1.2046
     1.19516
     1.18929
     1.18967
     1.19611
     1.20571
     1.21521
     1.22269
     1.22773
     1.23076
     1.23247
     1.23352
     1.23437
     1.23531
     1.23644
     1.23776
     1.23914
     1.24047
      1.2416
     1.24241
     1.24283
     1.24281
     1.24234
     1.24143
     1.24014
      1.2385
     1.23661
     1.23452
      1.2323
     1.23002
      1.2277
     1.22538
     1.22311
     1.22093
     1.21896
     1.21731
     1.21608
     1.21533
     1.21497
      1.2148
     1.21453
     1.21384
     1.21251
     1.21043
     1.20765
     1.20438
     1.20095
     1.19777
     1.19523
     1.19365
     1.19316
     1.19375
     1.19523
     1.19731
     1.19967
     1.20201
     1.20407
     1.20571
     1.20683
     1.20744
     1.20756
     1.20728
      1.2067
     1.20593
      1.2051
     1.20431
     1.20363
     1.20313
     1.20282
     1.20269
     1.20269
     1.20277
     1.20289
     1.20297
       1.203
     1.20294
     1.20278
     1.20254
     1.20223
     1.20189
     1.20157
     1.20132
     1.20118
     1.20121
     1.20143
     1.20185
     1.20246
     1.20322
     1.20409
     1.20499
     1.20586
      1.2066
     1.20715
     1.20745
     1.20744
     1.20707
     1.20633
     1.20522
     1.20377
     1.20203
     1.20011
     1.19809
     1.19606
     1.19409
     1.19218
     1.19034
     1.18857
     1.18698
     1.18583
     1.18551
     1.18648
     1.18903
     1.19318
     1.19858
     1.20464
     1.21068
     1.21604
     1.22025
     1.22302
      1.2242
     1.22384
     1.22215
     1.21951
     1.21648
     1.21375
     1.21198
     1.21166
     1.21291
     1.21551
     1.21901
     1.22287
     1.22667
     1.23012
     1.23307
     1.23549
      1.2374
     1.23888
     1.23997
     1.24074
     1.24123
     1.24148
     1.24153
     1.24142
     1.24118
     1.24086
      1.2405
     1.24013
     1.23977
     1.23941
     1.23904
     1.23861
     1.23808
     1.23737
     1.23641
     1.23513
     1.23347
     1.23142
     1.22901
     1.22628
     1.22326
     1.21983
     1.21565
     1.21025
     1.20316
     1.19423
     1.18402
     1.17404
     1.16674
     1.16471
     1.16932
     1.17967
     1.19303
      1.2065
     1.21816
     1.22723
     1.23368
     1.23779
     1.23986
     1.24012
     1.23874
     1.23585
     1.23166
     1.22649
     1.22084
     1.21536
     1.21067
     1.20722
     1.20519
     1.20456
      1.2052
     1.20696
     1.20962
     1.21288
     1.21629
     1.21943
     1.22197
     1.22371
     1.22458
     1.22464
     1.22394
     1.22261
     1.22076
     1.21855
     1.21616
     1.21379
     1.21169
     1.21006
     1.20903
     1.20863
     1.20875
     1.20918
     1.20969
     1.21005
      1.2101
     1.20974
     1.20894
      1.2077
     1.20603
     1.20395
     1.20149
     1.19865
     1.19551
     1.19216
     1.18884
     1.18588
     1.18368
     1.18258
     1.18278
     1.18425
     1.18674
     1.18987
     1.19326
     1.19661
     1.19969
     1.20239
     1.20468
     1.20656
     1.20808
     1.20927
      1.2102
     1.21093
     1.21149
     1.21192
     1.21224
     1.21246
     1.21256
     1.21253
     1.21234
     1.21194
     1.21131
     1.21041
     1.20923
     1.20779
