1 0.839885 0.839004
2 0.717062 0.715325
3 0.620411 0.61801
4 0.542317 0.539341
5 0.478288 0.474921
6 0.424908 0.42124
7 0.379872 0.375992
8 0.341318 0.33729
9 0.307744 0.303714
10 0.278845 0.274744
11 0.253655 0.249499
12 0.231658 0.227572
13 0.212015 0.207914
14 0.194861 0.19083
15 0.179914 0.175952
16 0.166296 0.162407
17 0.154421 0.150643
18 0.143458 0.139736
19 0.133429 0.129819
20 0.124778 0.121246
21 0.117164 0.11365
22 0.10963 0.106197
23 0.102702 0.0992998
24 0.0958503 0.0926058
25 0.0899622 0.0868264
26 0.0845484 0.0815609
27 0.0791501 0.0762906
28 0.0747945 0.0720475
29 0.0707479 0.067984
30 0.066925 0.0641845
31 0.0628178 0.0602189
32 0.059068 0.0565789
33 0.0554545 0.0530416
34 0.0517101 0.0493834
35 0.0482151 0.0460338
36 0.0456098 0.0435856
37 0.0428587 0.0409399
38 0.0410304 0.0392243
39 0.0395593 0.0378236
40 0.0377172 0.0359947
41 0.0362976 0.0345881
42 0.0349225 0.0332634
43 0.0332039 0.0315953
44 0.0312227 0.0296402
45 0.0300439 0.0284925
46 0.0286692 0.0270557
47 0.0276799 0.0260764
48 0.026774 0.0251678
49 0.0259229 0.0244107
50 0.0248252 0.0233823
51 0.023608 0.0221746
52 0.0224633 0.0210929
53 0.0209129 0.0195917
54 0.0190788 0.0178685
55 0.0179152 0.0168805
56 0.0172075 0.0162791
57 0.0165531 0.0156382
58 0.0157254 0.014777
59 0.0147328 0.0137545
60 0.0139934 0.0129867
61 0.0138333 0.0127719
62 0.012846 0.011728
63 0.0120248 0.0109134
64 0.0113147 0.0101922
65 0.0105913 0.00947713
66 0.0102904 0.00915938
67 0.0094194 0.00831982
68 0.008289 0.00725388
69 0.0074281 0.00639533
70 0.00670497 0.00570389
71 0.0066126 0.00566524
72 0.0064742 0.00557817
73 0.0066791 0.00576636
74 0.00656018 0.00563133
75 0.00614035 0.00521235
76 0.00572905 0.00475098
77 0.00483153 0.00377567
78 0.00477639 0.00363884
79 0.00515102 0.00400822
80 0.00516423 0.0040089
81 0.00575638 0.00464021
82 0.00589296 0.00481023
83 0.00525193 0.00422009
84 0.00516509 0.00409385
85 0.00523467 0.00416904
86 0.00545155 0.0044592
87 0.00639037 0.00542096
88 0.00690507 0.0060251
89 0.00686305 0.00595514
90 0.00724854 0.00638718
91 0.00708353 0.00622363
92 0.00594706 0.00513313
93 0.0059096 0.00513675
94 0.00601202 0.00530628
95 0.00621449 0.00558125
96 0.00564092 0.00503283
97 0.00474165 0.00419556
98 0.00383432 0.00327299
99 0.00320288 0.00260087
100 0.00243166 0.00183876
101 0.0021459 0.00151414
102 0.00197767 0.00128369
103 0.00210136 0.00135143
104 0.0018991 0.00115705
105 0.00189576 0.00120302
106 0.00177238 0.00112541
107 0.00119769 0.000625844
108 0.000242206 -0.000271682
109 -0.000264185 -0.000716532
110 -0.000421117 -0.000762711
111 -0.000300887 -0.000536651
112 -0.000501933 -0.000695582
113 -0.000812776 -0.000990678
114 -0.000970838 -0.00114437
115 -0.000528676 -0.000672721
116 -0.000359131 -0.000446713
117 -0.000409892 -0.000479728
118 -0.000413832 -0.000455493
119 -0.00023225 -0.000283097
120 -0.000153521 -0.000193197
121 0.000391893 0.000360872
122 0.000353476 0.000368402
123 -0.000235642 -0.000239543
124 0.000188282 0.000167046
125 0.000371071 0.000371463
126 0.000350968 0.000410388
127 0.00073311 0.000876583
128 0.000169361 0.000325222
129 -0.00120781 -0.00100696
130 -0.00230724 -0.00207403
131 -0.00325907 -0.00297227
132 -0.00367822 -0.00337305
133 -0.00458208 -0.0043172
134 -0.00480347 -0.00457717
135 -0.00477879 -0.00466956
136 -0.00476498 -0.0047221
137 -0.00481854 -0.00470635
138 -0.00445759 -0.00432741
139 -0.00462882 -0.00452318
140 -0.00511389 -0.00506611
141 -0.00527799 -0.00522652
142 -0.00593371 -0.00582657
143 -0.0057762 -0.00563684
144 -0.00531025 -0.0051404
145 -0.00534352 -0.00519925
146 -0.00581153 -0.00564163
147 -0.0060868 -0.00591
148 -0.00633948 -0.00619119
149 -0.00636058 -0.00612892
150 -0.00580897 -0.00552888
151 -0.00621146 -0.00591508
152 -0.00720866 -0.00695598
153 -0.0070762 -0.00687199
154 -0.00608428 -0.00598934
155 -0.00560069 -0.00555634
156 -0.00453746 -0.00452042
157 -0.00400646 -0.00397576
158 -0.00356651 -0.00349046
159 -0.00296965 -0.0028655
160 -0.00248464 -0.00237776
161 -0.00212068 -0.00212232
162 -0.00189886 -0.00195262
163 -0.0010666 -0.00105876
164 -9.17199e-05 -5.22437e-05
165 0.000991035 0.00104097
166 0.0021991 0.00228065
167 0.00242617 0.00252927
168 0.00248812 0.0025368
169 0.0018576 0.00185148
170 0.00136267 0.00135151
171 0.000892187 0.000885998
172 0.000193659 0.000216795
173 -0.000165832 -0.00010129
174 -0.000784917 -0.000670526
175 -0.0012208 -0.00113656
176 -0.00159218 -0.00154142
177 -0.00107638 -0.00104338
178 -0.00064065 -0.000615603
179 -0.00030755 -0.000285058
180 -0.000486792 -0.000450616
181 -0.0004764 -0.00040586
182 -0.000411501 -0.000294355
183 6.26281e-05 0.000181663
184 -0.000262774 -0.000136387
185 -0.000128927 1.14965e-05
186 -0.000204673 -2.38403e-05
187 -0.000136489 8.8757e-06
188 -0.000445206 -0.000287787
189 -0.000243242 -3.58631e-05
190 -0.000518361 -0.0003568
191 -0.00131615 -0.00117532
192 -0.00238051 -0.00223909
193 -0.00294638 -0.00275843
194 -0.00338093 -0.00320938
195 -0.00398309 -0.00373578
196 -0.00357623 -0.00340832
197 -0.00309776 -0.00298489
198 -0.00205038 -0.00193856
199 -0.000887277 -0.000741451
200 -0.00090075 -0.000709814
