30.3172
28.9198
27.0776
25.1365
23.7536
22.6891
21.8766
21.8164
21.7087
21.4906
21.2987
20.8874
20.5084
20.3808
20.3545
20.1594
19.9282
19.5283
19.4653
19.4116
19.313
19.147
18.9497
18.6271
18.3292
18.097
17.9308
17.8909
17.7393
17.6286
17.3423
16.8748
16.6728
16.3495
16.3872
16.2193
16.0768
15.941
15.5223
14.9651
14.8447
14.7834
14.7756
14.7448
14.7415
14.7337
14.731
14.7251
14.7389
14.7402
14.7435
14.7413
14.7376
14.7376
14.7264
14.7166
14.7217
14.7038
14.696
14.6671
14.6374
14.6
14.5439
14.4969
14.4949
14.4337
14.4226
14.3894
14.3247
14.3085
14.2393
14.135
14.0946
14.0557
14.0248
13.9998
14.0017
13.9744
13.959
13.8682
13.7461
13.708
13.6989
13.6928
13.6577
13.6154
13.608
13.459
13.2285
13.0243
12.6706
12.5911
12.5633
12.5437
12.5062
12.5088
12.4667
12.4173
12.4308
12.4294
12.4454
12.4313
12.3703
12.3621
12.3194
12.291
12.2496
12.2248
12.201
12.126
12.1098
12.048
12.0144
12.0162
11.9982
11.9712
11.954
11.9592
11.9291
11.9055
11.9102
11.9014
11.881
11.8812
11.88
11.8679
11.8723
11.8575
11.8424
11.8281
11.828
11.8281
11.8281
11.8244
11.822
11.822
11.8158
11.7974
11.7936
11.7526
11.7444
11.7318
11.7357
11.7081
11.6905
11.6809
11.663
11.5754
11.44
11.4403
11.2457
11.2099
11.2108
11.2113
11.2113
11.2113
11.2113
11.2113
11.2113
11.2113
11.2113
11.2113
11.2113
11.2113
11.2022
11.1851
11.1286
11.0213
10.8857
10.7991
10.7669
10.7604
10.7569
10.7561
10.7561
10.7561
10.7553
10.7569
10.7552
10.7544
10.7544
10.7536
10.7553
10.7536
10.7545
10.7545
10.7561
10.7578
10.7578
10.7578
10.7586
10.7586
10.7586
10.7564
10.7564
10.7564
10.7586
10.7586
10.7586
10.7586
10.7586
10.7586
10.7586
10.7586
10.7586
10.7586
10.7586
10.7583
10.7583
10.7545
10.7542
10.751
10.751
10.751
10.7396
10.7319
10.7205
10.7015
10.7031
10.6608
10.6322
10.5815
10.5742
10.5682
10.5682
10.5682
10.5682
10.5682
10.5682
10.5682
10.5682
10.5682
10.5666
10.5632
10.5632
10.5666
10.5666
10.5666
10.5649
10.5625
10.5632
10.5632
10.5599
10.5616
10.5666
10.5666
10.5682
10.5682
10.5679
10.5674
10.5668
10.5642
10.5621
10.5573
10.5558
10.5585
10.5472
10.5483
10.5562
10.5536
10.5557
10.5442
10.5535
10.5505
10.5509
10.5422
10.5444
10.5492
10.5464
10.5402
10.5304
10.5239
10.5253
10.5288
10.5217
10.5162
10.517
10.521
10.5129
10.5133
10.5087
10.5044
10.4956
10.4925
10.485
10.4815
10.4808
10.4776
10.4697
10.4582
10.4536
10.4523
10.4495
10.4592
10.4541
10.4529
10.4683
10.4614
10.452
10.4573
10.4508
10.4622
10.4544
10.4402
10.4185
10.4914
10.4206
10.3696
10.3142
10.2584
10.2225
9.99483
9.86074
9.82635
9.8239
9.80738
9.80738
9.8067
9.80674
9.8061
9.80674
9.80546
9.8061
9.80546
9.80674
9.80738
9.80738
9.80738
9.80738
9.80738
9.80738
9.80738
9.80738
9.80738
9.80738
9.80738
9.80738
9.80738
9.80738
9.8067
9.8067
9.80738
9.8015
9.80738
9.80738
9.8015
9.8015
9.8015
9.8015
9.79563
9.66059
9.61949
9.56665
9.51654
9.51381
9.51381
9.51381
9.51381
9.51381
9.51381
9.51381
9.51381
9.51381
9.51381
9.51306
9.51306
9.51231
9.51306
9.51231
9.51231
9.51381
9.51299
9.51381
9.51381
9.51381
9.51381
9.51067
9.51067
9.50754
9.50754
9.51381
9.51381
9.51381
9.51299
9.51266
9.51151
9.51069
9.50987
9.50855
9.50953
9.50764
9.50853
9.50803
9.51034
9.51034
9.51067
9.50795
9.51075
9.50952
9.50985
9.50887
9.51051
9.51002
9.50953
9.50887
9.5074
9.50444
9.50661
9.51117
9.51216
9.51018
9.50821
9.50788
9.5036
9.50329
9.50362
9.50331
9.50034
9.50298
9.49987
9.49888
9.49228
9.47741
9.44326
9.43169
9.4064
9.3856
9.37316
9.35483
9.35015
9.34793
9.34653
9.34585
9.34111
9.33628
9.33595
9.33597
9.32946
9.33673
9.33598
9.33298
9.33644
9.33936
9.33634
9.33686
9.33603
9.33737
9.33667
9.33961
9.33694
9.33768
9.33692
9.34182
9.33891
9.34021
9.33323
9.34037
9.33844
9.33768
9.34087
9.34375
9.34439
9.34089
9.34165
9.34206
9.3429
9.34625
9.34613
9.34484
9.35212
9.35098
9.35053
9.34705
9.34525
9.34424
9.33853
9.3295
9.31756
9.31783
9.31385
9.31121
9.30896
9.31202
9.30971
9.31679
9.31307
9.31064
9.30845
9.30728
9.30742
9.3062
9.30521
9.30897
9.30366
9.30056
9.30403
9.30281
9.30695
9.3023
9.29972
