30.8792
29.0148
26.7272
25.5232
24.9802
23.5412
22.4582
21.9906
21.7146
21.4714
20.9904
20.5747
20.2517
19.524
19.035
18.9382
18.6651
18.2295
17.5746
17.2812
17.2145
17.2663
16.6693
15.9626
15.7385
15.6239
15.4626
15.2702
15.1569
15.1215
15.0718
14.9745
14.9524
14.8606
14.7294
14.6418
14.3155
13.8137
13.7895
13.7895
13.7895
13.7895
13.7892
13.7895
13.7892
13.7889
13.7895
13.7895
13.7828
13.7879
13.7867
13.7851
13.7762
13.7636
13.773
13.754
13.7764
13.7742
13.7726
13.7494
13.7321
13.7225
13.6581
13.5377
13.4186
13.334
13.3335
13.319
13.3001
13.2964
13.2406
13.1172
12.8311
12.448
12.3466
12.2487
12.239
12.2316
12.2297
12.2216
12.2287
12.2133
12.2099
12.21
12.1956
12.1929
12.1907
12.1919
12.2003
12.1982
12.2138
12.2112
12.2077
12.198
12.1936
12.1941
12.2004
12.2014
12.2014
12.1993
12.2019
12.1953
12.1977
12.1956
12.1946
12.1844
12.1825
12.1885
12.1854
12.189
12.1932
12.195
12.1904
12.1881
12.1883
12.1851
12.177
12.1796
12.1682
12.1195
12.0718
11.9834
11.8668
11.713
11.6919
11.6908
11.6919
11.6917
11.6917
11.6885
11.6897
11.6869
11.6901
11.693
11.693
11.693
11.693
11.693
11.693
11.693
11.6926
11.6923
11.6926
11.6926
11.693
11.693
11.693
11.693
11.693
11.693
11.693
11.693
11.693
11.693
11.6926
11.6926
11.693
11.6928
11.6928
11.6928
11.6927
11.6894
11.6892
11.6866
11.6842
11.6784
11.6857
11.6877
11.6788
11.6741
11.6634
11.6693
11.6621
11.6596
11.6596
11.6679
11.6603
11.6627
11.6596
11.6644
11.6318
11.6446
11.6203
11.6079
11.5892
11.5936
11.5766
11.5682
11.5343
11.506
11.422
11.3595
11.2315
11.0598
10.9565
10.9574
10.937
10.9336
10.9383
10.9148
10.9137
10.8827
10.8694
10.853
10.8717
10.8569
10.8469
10.8262
10.8319
10.7997
10.7864
10.7789
10.7786
10.7786
10.7786
10.7786
10.7786
10.7786
10.7786
10.7786
10.7786
10.7786
10.7786
10.7786
10.7786
10.7755
10.7724
10.763
10.763
10.7567
10.7473
10.7473
10.7543
10.7606
10.7487
10.7227
10.688
10.6991
10.6824
10.6369
10.6389
10.6336
10.6639
10.6325
10.6277
10.6241
10.622
10.6187
10.622
10.622
10.622
10.622
10.622
10.622
10.622
10.622
10.622
10.622
10.6163
10.621
10.621
10.622
10.622
10.622
10.622
10.622
10.622
10.622
10.622
10.6206
10.6206
10.6206
10.6206
10.6177
10.6192
10.6163
10.6192
10.6192
10.6206
10.622
10.622
10.622
10.622
10.622
10.6214
10.6214
10.622
10.618
10.622
10.6214
10.6214
10.622
10.622
10.622
10.622
10.6206
10.6192
10.6158
10.6206
10.6206
10.5952
10.6098
10.6209
10.6098
10.6085
10.6149
10.6083
10.622
10.622
10.622
10.622
10.622
10.622
10.622
10.622
10.622
10.622
10.622
10.622
10.622
10.6215
10.622
10.622
10.622
10.622
10.622
10.6213
10.6214
10.622
10.622
10.6187
10.6187
10.6187
10.618
10.622
10.622
10.622
10.622
10.622
10.622
10.622
10.622
10.6213
10.6213
10.622
10.622
10.622
10.622
10.622
10.6187
10.62
10.622
10.6174
10.622
10.622
10.622
10.622
10.622
10.6213
10.6213
10.622
10.6215
10.621
10.622
10.622
10.622
10.621
10.6199
10.622
10.622
10.622
10.622
10.622
10.622
10.622
10.622
10.6203
10.6176
10.6178
10.6163
10.6159
10.6155
10.6125
10.6112
10.6096
10.61
10.606
10.6056
10.6001
10.5959
10.594
10.5884
10.5856
10.5883
10.5948
10.5874
10.5934
10.5873
10.5869
10.5856
10.5467
10.5801
10.5598
10.5679
10.5612
10.5659
10.5697
10.4977
10.1312
9.99317
9.81387
9.79863
9.78188
9.79117
9.77243
9.77695
9.76818
9.76246
9.74752
9.74421
9.72454
9.70356
9.69988
9.70171
9.70182
9.70421
9.69778
9.69645
9.68965
9.68455
9.6905
9.68115
9.67859
9.67434
9.67689
9.67434
9.67413
9.67391
9.67434
9.67434
9.67434
9.67434
9.67434
9.67434
9.67434
9.67434
9.67434
9.67434
9.67434
9.67434
9.66874
9.66742
9.6628
9.66445
9.66874
9.66017
9.65456
9.65357
9.65028
9.64599
9.65061
9.63742
9.63346
9.62555
9.64018
9.63379
9.63798
9.62753
9.60775
9.60116
9.60083
9.60379
9.60412
9.60379
9.60643
9.60709
9.60676
9.60268
9.60268
9.60511
9.60577
9.60577
9.60577
9.6061
9.60643
9.60577
9.60511
9.60445
9.60116
9.60116
9.60017
9.59984
9.59951
9.59918
9.59655
9.59688
9.59457
9.60017
9.60116
9.60281
