30.8792
29.0148
26.7272
25.5232
24.9802
23.5412
22.4582
21.9906
21.7146
21.4714
20.9904
20.5747
20.2517
19.524
19.035
18.9382
18.6651
18.2295
17.5746
17.2812
17.2145
17.2663
16.6693
15.9626
15.7385
15.6239
15.4626
15.2702
15.1569
15.1215
15.0718
14.9745
14.9524
14.8606
14.7294
14.6418
14.3155
13.8137
13.7895
13.7895
13.7895
13.7895
13.7892
13.7895
13.7892
13.7889
13.7895
13.7895
13.7828
13.7879
13.7835
13.7791
13.7728
13.7584
13.7735
13.7622
13.7725
13.7759
13.7751
13.7507
13.7305
13.7216
13.6623
13.5292
13.3912
13.3251
13.3091
13.2411
13.1105
12.972
12.6335
12.3935
12.3809
12.3741
12.3506
12.3661
12.3448
12.3215
12.2867
12.2867
12.258
12.2525
12.2535
12.25
12.246
12.2324
12.2461
12.2451
12.2473
12.2476
12.256
12.2549
12.2471
12.2471
12.2471
12.2474
12.2438
12.2379
12.2329
12.2183
12.2115
12.202
12.1741
12.1557
12.1237
12.0642
12.0204
11.9992
11.9872
11.9708
11.9606
11.9443
11.9334
11.9061
11.8921
11.8423
11.8112
11.7971
11.7007
11.6665
11.6401
11.6316
11.575
11.5407
11.5036
11.4977
11.3735
11.2211
11.1775
11.1481
11.1334
11.1218
11.1265
11.1265
11.1261
11.1261
11.1269
11.1269
11.1258
11.1261
11.1261
11.122
11.1251
11.1248
11.1245
11.1255
11.1229
11.1265
11.1265
11.1229
11.1214
11.1245
11.1253
11.1241
11.1246
11.1241
11.1234
11.1172
11.11
11.1062
11.0835
11.0666
11.0254
11.1348
11.0546
11.068
10.9648
10.9123
10.908
10.8986
10.8601
11.2316
11.0125
10.8561
10.9424
10.7879
10.6412
10.6069
10.6069
10.6069
10.6069
10.6064
10.6069
10.6069
10.6069
10.6069
10.6069
10.6069
10.6015
10.6015
10.6015
10.5962
10.5909
10.5802
10.5589
10.5695
10.502
10.4491
10.4171
10.3292
10.3308
10.3229
10.3213
10.3198
10.3245
10.3182
10.3213
10.3229
10.3229
10.3219
10.325
10.3114
10.3077
10.3051
10.3077
10.3051
10.2949
10.2747
10.2661
10.257
10.259
10.2589
10.2602
10.2602
10.2608
10.2578
10.2578
10.2535
10.2452
10.2401
10.2316
10.2365
10.2383
10.242
10.2329
10.2153
10.1929
10.2123
10.2143
10.1775
10.1833
10.1653
10.1487
10.1122
10.0931
10.0509
10.0286
10.0118
9.97575
9.95257
9.95311
9.94864
9.94029
9.92856
9.92485
9.92964
9.93095
9.93784
9.93736
9.93723
9.93008
9.92293
9.90222
9.85983
9.77812
9.67872
9.49271
9.48479
9.48533
9.48424
9.48533
9.48533
9.48545
9.48588
9.48588
9.48495
9.48588
9.48588
9.48483
9.48483
9.48588
9.48588
9.48588
9.48588
9.48588
9.48588
9.48588
9.48588
9.48588
9.48588
9.48588
9.48588
9.48588
9.48588
9.48588
9.48588
9.48588
9.48588
9.48588
9.48588
9.48588
9.48588
9.48588
9.48588
9.48588
9.48588
9.48588
9.48588
9.48588
9.48588
9.48588
9.48588
9.48588
9.48588
9.48588
9.48588
9.48588
9.48588
9.48588
9.48588
9.48588
9.48588
9.48588
9.48588
9.48588
9.48588
9.48588
9.48588
9.48588
9.48588
9.48588
9.48588
9.48588
9.48588
9.48588
9.48588
9.48588
9.48588
9.48588
9.48588
9.48588
9.48588
9.48588
9.48588
9.48588
9.48588
9.48588
9.48588
9.48588
9.48588
9.48588
9.48588
9.48588
9.48588
9.48588
9.48588
9.48588
9.48588
9.48588
9.48588
9.48588
9.48588
9.48588
9.48588
9.48588
9.48588
9.48588
9.48588
9.48588
9.48588
9.48588
9.48588
9.48588
9.48588
9.48588
9.48588
9.48588
9.48588
9.48588
9.48588
9.48588
9.48588
9.48588
9.48583
9.48579
9.48588
9.48495
9.48588
9.48588
9.48588
9.48588
9.48588
9.48588
9.48588
9.48588
9.48588
9.48495
9.48216
9.48287
9.47843
9.47805
9.48243
9.48042
9.48271
9.48407
9.48275
9.48035
9.47984
9.47432
9.47177
9.47242
9.47471
9.47378
9.47635
9.46888
9.47096
9.47427
9.47657
9.47378
9.47285
9.46913
9.46611
9.46891
9.46913
9.4682
9.47006
9.46354
9.46261
9.45703
9.45424
9.45982
9.44154
9.43935
9.43935
9.44121
9.43935
9.43935
9.43935
9.43935
9.43935
9.43935
9.43935
9.43935
9.43935
9.43869
9.43869
9.43935
9.43935
9.43869
9.43935
9.43935
9.43935
9.43935
9.43935
9.43935
9.43935
9.43935
9.43935
9.43935
9.43892
9.43935
9.43935
9.43935
9.43935
9.43935
9.43935
9.43935
9.43892
9.43805
9.43633
9.43719
9.43633
9.43719
9.43633
9.43719
9.43805
9.43805
9.43762
9.43805
9.43848
9.43892
9.43892
9.43935
9.43935
9.43935
9.43935
9.43935
9.43935
9.43892
9.43892
9.43935
9.43935
9.43935
9.43935
9.43935
9.43935
9.43935
9.43935
9.43935
9.43935
