30.4653
28.5921
26.7243
25.2285
24.2942
24.0002
23.6671
22.7807
22.2489
22.0658
21.6486
20.9645
20.7243
20.3541
19.9372
19.6431
19.5235
19.3407
19.1863
18.8248
18.5731
18.4411
18.15
17.8125
17.6309
17.598
17.5574
17.5266
17.498
17.4279
17.3708
17.0977
17.0339
16.9379
16.9055
16.9059
16.8866
16.879
16.7826
16.7519
16.697
16.7161
16.5001
16.4508
16.4441
16.451
16.3614
16.2858
16.2047
16.1625
15.8651
15.5971
15.1562
15.0138
14.9765
14.8078
14.5919
13.8709
13.2196
13.1384
13.1014
13.09
13.0871
13.0637
12.9981
12.9442
12.8405
12.6534
12.6128
12.5799
12.5189
12.4472
12.3393
12.2652
12.168
12.0244
11.8693
11.7997
11.7966
11.7969
11.7943
11.7967
11.8026
11.7997
11.8026
11.7967
11.7938
11.7938
11.7924
11.7909
11.788
11.785
11.7737
11.7683
11.7587
11.7616
11.7499
11.7339
11.6969
11.6745
11.6589
11.6581
11.6581
11.6571
11.656
11.6581
11.6564
11.6558
11.6558
11.6539
11.6543
11.6495
11.6477
11.6526
11.6557
11.6574
11.6557
11.6574
11.6468
11.6557
11.6539
11.6494
11.653
11.6552
11.6517
11.6539
11.6471
11.6385
11.6453
11.6491
11.6357
11.6223
11.617
11.6163
11.6077
11.5879
11.5841
11.5852
11.5821
11.5536
11.5512
11.5328
11.5001
11.4803
11.3995
11.2283
11.0393
10.7821
10.6765
10.6736
10.6499
10.6463
10.641
10.6393
10.6462
10.6462
10.6478
10.647
10.6462
10.6462
10.6462
10.6451
10.6478
10.6478
10.6478
10.647
10.6409
10.6332
10.6271
10.6133
10.5857
10.5373
10.4544
10.3991
10.3024
10.2986
10.2994
10.2994
10.2994
10.2903
10.2812
10.2842
10.2842
10.2678
10.2617
10.2652
10.2583
10.2527
10.2343
10.2217
10.2014
10.1862
10.1456
10.1104
10.1127
10.1001
10.1083
10.1033
10.0898
10.0964
10.0879
10.0926
10.0887
10.0939
10.0895
10.0989
10.096
10.0888
10.0862
10.086
10.086
10.0862
10.086
10.0859
10.0857
10.0855
10.0856
10.0855
10.0856
10.0854
10.0856
10.0855
10.0851
10.0851
10.0847
10.0847
10.0845
10.0846
10.085
10.0844
10.0845
10.0837
10.0822
10.083
10.0828
10.083
10.0828
10.0831
10.0829
10.0834
10.083
10.0829
10.0827
10.0827
10.0828
10.0831
10.0829
10.0832
10.0839
10.0834
10.0837
10.0836
10.0833
10.0827
10.0826
10.0818
10.0816
10.0803
10.0796
10.0803
10.0812
10.0805
10.079
10.0791
10.0792
10.0754
10.0756
10.0765
10.078
10.0782
10.0777
10.0733
10.0731
10.0726
10.0735
10.0731
10.0718
10.0738
10.0722
10.0719
10.0734
10.0741
10.0726
10.0735
10.0726
10.0717
10.0713
10.0699
10.0719
10.0728
10.0738
10.0733
10.0748
10.0733
10.0714
10.0709
10.0728
10.0772
10.0786
10.0767
10.0781
10.0748
10.0772
10.0748
10.0752
10.0767
10.0748
10.0733
10.0752
10.0719
10.0724
10.0699
10.069
10.0642
10.0675
10.0622
10.0622
10.0622
10.0622
10.0622
10.0622
10.0622
10.0622
10.0622
10.0622
10.0622
10.0622
10.0622
10.0622
10.0622
10.0622
10.0622
10.0622
10.0528
10.0528
10.0622
10.0622
10.0622
10.0622
10.0622
10.0622
10.0622
10.0622
10.0616
10.0616
10.0622
10.0622
10.0617
10.0617
10.0612
10.0615
10.0621
10.0621
10.0613
10.0613
10.0615
10.0617
10.0615
10.0615
10.0617
10.0621
10.0621
10.0622
10.0622
10.0621
10.0622
10.0622
10.0622
10.0622
10.0622
10.0622
10.0528
10.0434
10.0147
9.98633
9.95803
9.84472
9.67475
9.59011
9.59011
9.59011
9.59011
9.59011
9.59011
9.59011
9.59011
9.59011
9.59011
9.59011
9.59011
9.59011
9.59011
9.59011
9.59011
9.59011
9.59011
9.59011
9.59011
9.59011
9.59011
9.59011
9.59011
9.58991
9.59011
9.59011
9.59011
9.59011
9.59011
9.59011
9.59011
9.59011
9.59011
9.59011
9.59011
9.59011
9.59011
9.59011
9.59011
9.59011
9.59011
9.59011
9.59011
9.59011
9.59011
9.59011
9.59011
9.59011
9.59011
9.59011
9.59011
9.59011
9.59011
9.59011
9.59011
9.59011
9.59011
9.59011
9.59011
9.59011
9.59011
9.59011
9.59011
9.59011
9.59011
9.59011
9.59011
9.59011
9.59011
9.59011
9.59011
9.59011
9.59011
9.59011
9.59011
9.59011
9.59011
9.59011
9.59011
9.59011
9.59011
9.59011
9.59011
9.59011
9.59011
9.59011
9.59011
9.59011
9.59011
9.59011
9.59011
9.59011
9.59011
9.59011
9.59011
9.59011
9.59011
9.59011
9.59011
9.59011
9.59011
9.59011
9.59011
9.59011
9.59011
9.59011
9.59011
9.59011
9.59011
9.59011
9.59011
9.59011
9.59011
9.59011
9.59011
9.59011
9.59011
9.58991
9.58991
9.58933
9.58953
