30.4097
29.027
26.7169
25.2375
24.4068
22.7303
22.4269
22.0556
21.6569
21.4723
21.3375
21.2532
21.0577
20.5184
19.1712
17.1982
17.1762
17.087
16.9616
16.9191
16.6645
16.537
16.3766
16.1272
15.6737
15.2591
15.2384
15.2139
15.2143
15.2129
15.2129
15.2126
15.2121
15.2125
15.1942
15.1844
15.1728
15.1292
15.065
14.9689
14.7547
14.6135
14.4987
14.4239
14.2919
14.2919
14.2903
14.2888
14.2888
14.2888
14.2872
14.284
14.284
14.2833
14.2827
14.2763
14.2688
14.2799
14.2774
14.2817
14.2855
14.278
14.2753
14.2603
14.253
14.241
14.2389
14.2062
14.1968
14.2024
14.1841
14.1838
14.1472
14.1395
14.1062
14.1078
14.0939
14.0241
13.9785
13.857
13.5749
13.1155
12.1697
12.0436
12.0293
12.0176
11.9634
11.9234
11.81
11.7166
11.6978
11.6948
11.6948
11.6948
11.6948
11.6948
11.6898
11.6849
11.6648
11.6552
11.6206
11.5977
11.5217
11.4853
11.4475
11.4475
11.4475
11.4475
11.4475
11.4471
11.4475
11.4446
11.4475
11.4475
11.4475
11.4473
11.4475
11.4475
11.4472
11.4472
11.4475
11.4475
11.4472
11.4452
11.444
11.4428
11.4422
11.4439
11.4469
11.4469
11.4469
11.4456
11.4446
11.4429
11.4439
11.4433
11.4433
11.4446
11.4439
11.4452
11.4449
11.4449
11.4465
11.4446
11.4453
11.445
11.445
11.4447
11.4469
11.4472
11.4472
11.4475
11.4475
11.4475
11.4475
11.4475
11.4475
11.4472
11.4475
11.4475
11.4237
11.4253
11.4438
11.441
11.4412
11.4387
11.4372
11.4209
11.4204
11.4225
11.4098
11.4028
11.4017
11.3947
11.3929
11.3944
11.4019
11.4007
11.3974
11.3905
11.3824
11.3852
11.3852
11.3852
11.3852
11.3852
11.3852
11.3852
11.3852
11.3852
11.3852
11.3852
11.3849
11.3849
11.3811
11.378
11.3782
11.3821
11.3811
11.3799
11.3771
11.3761
11.3745
11.3732
11.3745
11.3749
11.373
11.372
11.3752
11.3774
11.3755
11.3761
11.3752
11.3755
11.3733
11.3721
11.3736
11.3739
11.3727
11.3714
11.3717
11.3717
11.3699
11.3696
11.3696
11.3678
11.3667
11.3694
11.3693
11.3693
11.369
11.3696
11.3696
11.3696
11.3696
11.3696
11.3667
11.3667
11.3667
11.3696
11.3045
11.2199
11.3139
10.8695
10.2159
10.1076
10.0467
10.0439
10.0439
10.0439
10.0439
10.0439
10.0439
10.0439
10.0439
10.0439
10.0439
10.0439
10.0439
10.0439
10.0439
10.0439
10.0439
10.0439
10.0439
10.0439
10.0439
10.0439
10.0439
10.0439
10.0439
10.0439
10.0439
10.0439
10.0439
10.0439
10.0439
10.0439
10.0439
10.0439
10.0439
10.0439
10.0439
10.0439
10.0439
10.0439
10.0439
10.0439
10.0439
10.0439
10.0439
10.0439
10.0439
10.0439
10.0439
10.0439
10.0438
10.0438
10.0439
10.0439
10.0439
10.0439
10.0439
10.0439
10.0439
10.0439
10.0439
10.0439
10.0439
10.0439
10.0439
10.0439
10.0439
10.0439
10.0439
10.0427
10.0427
10.0439
10.0439
10.0439
10.0216
9.99981
9.96791
9.96562
9.94144
9.86787
9.8061
9.70928
9.65318
9.61696
9.59441
9.58018
9.56908
9.55344
9.53154
9.53563
9.48488
9.46362
9.47208
9.45969
9.46038
9.46692
9.45983
9.45659
9.45874
9.45546
9.46067
9.4595
9.46008
9.45557
9.45481
9.45601
9.45677
9.45939
9.45677
9.45542
9.46263
9.46769
9.465
9.45779
9.45386
9.45314
9.45314
9.45314
9.45314
9.45314
9.45314
9.45314
9.45314
9.45314
9.45314
9.45314
9.45314
9.45314
9.45314
9.45314
9.45314
9.45314
9.45314
9.45314
9.45314
9.45314
9.45314
9.45314
9.45314
9.45314
9.45314
9.45314
9.45314
9.45314
9.45314
9.45314
9.45314
9.45314
9.45221
9.45314
9.45314
9.45314
9.45314
9.45314
9.45128
9.45221
9.45314
9.45314
9.45314
9.45314
9.45314
9.45314
9.45314
9.45314
9.45314
9.45314
9.45314
9.45314
9.45314
9.45314
9.45314
9.45314
9.45314
9.45314
9.45314
9.45314
9.45314
9.45314
9.45314
9.45314
9.45221
9.45221
9.45221
9.45128
9.45128
9.44942
9.45035
9.45128
9.45035
9.44942
9.44833
9.44849
9.45128
9.45128
9.45221
9.45221
9.45128
9.44755
9.44849
9.45035
9.44942
9.45128
9.45128
9.45128
9.44849
9.44942
9.44755
9.44755
9.44561
9.44096
9.44375
9.44203
9.44265
9.44118
9.44181
9.43915
9.43653
9.4391
9.43529
9.42939
9.43497
9.43103
9.427
9.42971
9.42108
9.41449
9.41711
9.4138
9.41761
9.42371
9.42658
9.42946
9.42456
9.4241
9.41961
9.4094
9.41473
9.40954
9.41326
9.41969
9.42426
9.42528
9.42311
9.41583
9.42057
9.42801
9.42987
9.43732
9.43546
9.42522
9.42894
9.42987
9.4308
9.4308
