30.4653
28.5921
26.7243
25.2285
24.2942
24.0002
23.6671
22.7807
22.2489
22.0658
21.6486
20.9645
20.7243
20.3541
19.9372
19.6431
19.5235
19.3407
19.1863
18.8248
18.5731
18.4411
18.15
17.8125
17.6309
17.598
17.5574
17.5266
17.498
17.4279
17.3708
17.0977
17.0339
16.9379
16.9055
16.9059
16.8866
16.879
16.7826
16.7519
16.697
16.7161
16.5001
16.4508
16.4441
16.451
16.3614
16.2858
16.2047
16.1625
15.88
15.7863
15.1663
14.6164
14.6033
14.5947
14.577
14.5731
14.5551
14.538
14.5344
14.4702
14.344
13.6341
12.8969
12.8891
12.8734
12.8891
12.8694
12.8498
12.783
12.7348
12.7201
12.7201
12.7201
12.7201
12.7178
12.7142
12.7178
12.7178
12.7154
12.7162
12.7154
12.7178
12.7074
12.7026
12.6922
12.6681
12.6415
12.5798
12.4713
12.2751
12.1968
12.1953
12.1903
12.1933
12.1918
12.1933
12.1918
12.1826
12.1775
12.1694
12.1727
12.175
12.1833
12.194
12.1985
12.1987
12.1987
12.1997
12.1997
12.1997
12.1985
12.1997
12.1984
12.1924
12.1984
12.1972
12.1947
12.1964
12.1933
12.1958
12.1997
12.1997
12.1997
12.1997
12.1995
12.1992
12.1997
12.1997
12.1997
12.1997
12.1923
12.1923
12.1774
12.1478
12.102
12.0715
12.0068
11.9252
11.8783
11.8288
11.8152
11.8276
11.8276
11.8288
11.8288
11.8288
11.8288
11.8288
11.8258
11.815
11.8238
11.8225
11.8277
11.8277
11.8288
11.8269
11.8238
11.8256
11.824
11.8256
11.8288
11.8288
11.8288
11.8279
11.8288
11.8288
11.8288
11.8288
11.8288
11.8212
11.8045
11.7748
11.7555
11.7344
11.7028
11.665
11.6466
11.5959
11.5197
11.4899
11.4375
11.413
11.4038
11.4114
11.3896
11.3983
11.3638
11.3492
11.3286
11.2971
11.2572
11.184
11.1813
11.1631
11.1923
11.1918
11.169
11.1477
11.1418
11.1543
11.1495
11.1553
11.1514
11.1473
11.1519
11.1424
11.1278
11.123
11.1328
11.1357
11.1322
11.1192
11.1236
11.1106
11.1005
11.0992
11.0977
11.0934
11.0987
11.0971
11.0981
11.103
11.1027
11.102
11.1026
11.1003
11.1039
11.1039
11.1039
11.1042
11.1042
11.1042
11.1042
11.1042
11.1042
11.1042
11.1042
11.1042
11.1042
11.1042
11.1042
11.1042
11.1022
11.0812
11.0894
11.0845
11.0973
11.0973
11.1042
11.1042
11.1042
11.1042
11.1042
11.104
11.1042
11.1042
11.1042
11.1042
11.1042
11.0833
11.0625
10.979
10.8021
10.4025
10.0611
10.0611
10.0611
10.0611
10.0611
10.0611
10.0611
10.0611
10.0611
10.0611
10.0608
10.0608
10.0605
10.0602
10.055
10.05
10.0611
10.0611
10.0611
10.0611
10.0611
10.0608
10.0604
10.0611
10.0611
10.0611
10.0611
10.0611
10.0611
10.0611
10.0611
10.0611
10.0611
10.0611
10.0611
10.0611
10.0611
10.0611
10.0611
10.0611
10.0555
10.0497
10.0552
10.0493
10.0308
10.0181
10.019
9.96712
9.93189
9.87318
9.81446
9.76749
9.76749
9.76749
9.76749
9.76749
9.76749
9.76749
9.76749
9.76749
9.76749
9.76749
9.76749
9.76749
9.76749
9.76641
9.76641
9.76749
9.76749
9.76749
9.76749
9.76749
9.76716
9.76617
9.7665
9.76617
9.76486
9.7642
9.7642
9.7642
9.76321
9.76552
9.76584
9.76584
9.76523
9.76499
9.76438
9.76339
9.76315
9.75963
9.76153
9.7612
9.76206
9.76173
9.7603
9.7603
9.75949
9.76
9.75996
9.75873
9.76
9.76029
9.75991
9.7602
9.76119
9.76033
9.75858
9.75663
9.75639
9.75782
9.75497
9.7544
9.75526
9.75497
9.75326
9.75326
9.75326
9.75326
9.75383
9.75326
9.75326
9.75326
9.75412
9.75497
9.75464
9.75606
9.75407
9.75436
9.75355
9.75326
9.75326
9.75326
9.75326
9.75326
9.75326
9.75326
9.75326
9.75326
9.75326
9.75326
9.75326
9.75326
9.75326
9.75326
9.75326
9.75326
9.75326
9.75326
9.7509
9.7509
9.75326
9.75326
9.75326
9.75326
9.75326
9.75326
9.75326
9.75326
9.75326
9.75326
9.75326
9.75326
9.75326
9.75326
9.75305
9.75068
9.75305
9.75305
9.75326
9.75326
9.75326
9.75326
9.75326
9.75326
9.75326
9.75326
9.75326
9.75326
9.75326
9.75326
9.75326
9.75326
9.75326
9.75326
9.75326
9.75326
9.75326
9.75326
9.75326
9.75326
9.75326
9.75326
9.75326
9.75326
9.75326
9.75326
9.75326
9.75326
9.75326
9.75326
9.75326
9.75326
9.75326
9.75326
9.75326
9.75326
9.75326
9.75326
9.75326
9.75326
9.75326
9.75326
9.75326
9.75326
9.75326
9.75326
9.75326
9.75326
9.75326
9.75326
9.75326
9.75326
9.75326
9.75326
9.75293
9.75326
9.75326
9.75326
9.75326
9.75326
9.75326
9.75326
9.75326
9.75326
