30.3172
28.9198
27.0776
25.1365
23.7536
22.6891
21.8766
21.8164
21.7087
21.4906
21.2987
20.8874
20.5084
20.3808
20.3545
20.1594
19.9282
19.5283
19.4653
19.4116
19.313
19.147
18.9497
18.6271
18.3292
18.097
17.9308
17.8909
17.7393
17.6286
17.3423
16.8748
16.6728
16.3495
16.3872
16.2193
16.0768
15.941
15.5223
14.9651
14.8447
14.7834
14.7756
14.7448
14.7415
14.7337
14.731
14.7251
14.7389
14.7402
14.7383
14.7317
14.7319
14.7194
14.6819
14.6451
14.6255
14.4871
14.2563
13.892
13.7633
13.7474
13.742
13.7154
13.6254
13.544
13.4824
13.3497
13.3446
13.3394
13.3378
13.3411
13.3339
13.3324
13.3224
13.307
13.3035
13.2902
13.2715
13.2195
13.1238
12.8478
12.2222
11.6987
11.6592
11.6592
11.6592
11.6592
11.6514
11.6551
11.6523
11.6551
11.6469
11.6441
11.6235
11.5951
11.5721
11.4909
11.5068
11.5026
11.4613
11.4592
11.4179
11.402
11.3901
11.3746
11.3594
11.3594
11.3594
11.3594
11.347
11.347
11.322
11.2721
11.2707
11.0639
10.8758
10.7361
10.7266
10.7267
10.7303
10.7309
10.7255
10.7297
10.7207
10.7213
10.7214
10.715
10.7124
10.6971
10.6985
10.7009
10.7014
10.6927
10.6984
10.7023
10.6942
10.694
10.691
10.691
10.6834
10.6759
10.6791
10.677
10.6802
10.6703
10.6622
10.6535
10.6432
10.6342
10.6209
10.6178
10.6164
10.6044
10.6039
10.5933
10.5832
10.5832
10.5832
10.5832
10.5832
10.5832
10.5824
10.5824
10.5815
10.5815
10.5799
10.5722
10.5602
10.5601
10.5525
10.5368
10.5069
10.438
10.412
10.2602
10.2213
10.2208
10.2064
10.2024
10.2034
10.1943
10.1854
10.1815
10.1815
10.181
10.181
10.1931
10.1848
10.1824
10.1829
10.1829
10.1829
10.1829
10.1829
10.1818
10.1829
10.1829
10.1824
10.1819
10.1829
10.1829
10.1829
10.1823
10.1823
10.1829
10.1829
10.1829
10.1827
10.1825
10.1824
10.1822
10.1816
10.1811
10.1804
10.1801
10.1797
10.18
10.1805
10.1797
10.1802
10.1788
10.1793
10.1791
10.1789
10.1791
10.1792
10.1809
10.1811
10.1801
10.1794
10.1801
10.1805
10.1797
10.1801
10.1801
10.1798
10.1787
10.1778
10.1746
10.182
10.1789
10.1775
10.1773
10.1776
10.1778
10.178
10.1774
10.1776
10.1787
10.177
10.1771
10.1776
10.1769
10.1768
10.1777
10.1784
10.1785
10.1777
10.1792
10.1793
10.1771
10.1778
10.177
10.1767
10.1739
10.1711
10.174
10.1744
10.1772
10.1768
10.1766
10.1769
10.1771
10.1772
10.177
10.1772
10.1782
10.1782
10.177
10.1783
10.1778
10.178
10.1778
10.178
10.1778
10.178
10.178
10.1774
10.1771
10.177
10.1772
10.1771
10.178
10.1777
10.1775
10.1786
10.179
10.179
10.1797
10.1797
10.1802
10.1792
10.179
10.1786
10.1791
10.1787
10.1774
10.1772
10.1758
10.177
10.1767
10.1757
10.1759
10.1763
10.1758
10.1756
10.1749
10.1746
10.1738
10.1738
10.17
10.1729
10.1731
10.1735
10.1734
10.175
10.1753
10.1743
10.1743
10.1747
10.1743
10.175
10.1747
10.1753
10.1753
10.1745
10.1745
10.1741
10.1748
10.1752
10.1743
10.1712
10.1712
10.1686
10.1685
10.1721
10.1744
10.1745
10.1749
10.1744
10.1747
10.1753
10.175
10.1743
10.1741
10.1743
10.1744
10.1743
10.1741
10.1743
10.1738
10.1738
10.1744
10.1751
10.1745
10.1749
10.1749
10.1743
10.1738
10.1738
10.1738
10.1743
10.1738
10.1747
10.1752
10.1764
10.177
10.1769
10.1774
10.1777
10.178
10.1788
10.1788
10.1789
10.1788
10.1788
10.1789
10.1789
10.179
10.1788
10.1786
10.1786
10.1777
10.1788
10.179
10.1788
10.1791
10.1792
10.1791
10.149
10.1451
10.1383
10.095
9.98392
9.81649
9.63482
9.61361
9.61664
9.61361
9.61058
9.61058
9.61058
9.61058
9.61058
9.61058
9.61058
9.61058
9.61058
9.61058
9.61058
9.61058
9.61058
9.61058
9.61058
9.61058
9.61058
9.61058
9.61058
9.61058
9.61058
9.61058
9.61058
9.61058
9.61058
9.61058
9.61058
9.61058
9.61058
9.61058
9.61058
9.61058
9.61058
9.61058
9.61058
9.61058
9.61058
9.61058
9.61058
9.61058
9.61017
9.61058
9.61058
9.61058
9.61058
9.61058
9.61058
9.61058
9.61058
9.61058
9.61058
9.61058
9.61058
9.61058
9.61047
9.61047
9.61047
9.61058
9.61058
9.61058
9.61058
9.61058
9.61058
9.61058
9.61058
9.61058
9.61058
9.61058
9.61058
9.61058
9.61058
9.61058
9.61058
9.61058
9.61058
9.61058
9.61058
9.61058
9.61058
9.61058
9.61047
9.61058
9.61058
9.61058
9.61042
9.61042
9.61011
9.61058
9.61058
9.61058
