30.4097
29.027
26.7169
25.2375
24.4068
22.7303
22.4269
22.0556
21.6569
21.4723
21.3375
21.2532
21.0577
20.5184
19.1712
17.1982
17.1762
17.087
16.9616
16.9191
16.6645
16.537
16.3766
16.1272
15.6737
15.2591
15.2384
15.2139
15.2143
15.2129
15.2129
15.2126
15.2121
15.2125
15.1942
15.1844
15.1728
15.1292
15.065
14.9689
14.7547
14.6135
14.4987
14.4239
14.2919
14.2919
14.2903
14.2888
14.2888
14.2888
14.2658
14.2553
14.2915
14.2569
14.2302
14.2145
14.1324
14.0616
13.9578
13.8304
13.8317
13.8227
13.7955
13.7819
13.7422
13.7106
13.6544
13.6063
13.6008
13.5774
13.5162
13.4465
13.3251
13.2498
13.2318
13.2345
13.2325
13.2268
13.2264
13.2183
13.2061
13.1955
13.1805
13.1824
13.1642
13.1558
13.0995
13.0943
13.058
12.9816
12.8887
12.7545
12.6994
12.6921
12.6686
12.6362
12.6116
12.6039
12.5823
12.5793
12.5641
12.5752
12.5732
12.5732
12.5732
12.573
12.573
12.5635
12.5538
12.4807
12.4362
12.2951
12.194
12.114
12.114
12.114
12.114
12.1128
12.114
12.114
12.114
12.114
12.114
12.114
12.1131
12.1086
12.1086
12.1123
12.1101
12.1101
12.1101
12.114
12.114
12.1133
12.114
12.1133
12.114
12.114
12.114
12.1105
12.1105
12.1105
12.1105
12.0998
12.1069
12.1105
12.1105
12.1082
12.1046
12.1011
12.0518
12.0386
12.0702
12.0196
11.9179
11.7335
11.4865
11.2113
11.2113
11.2113
11.2113
11.2113
11.2085
11.2057
11.2057
11.2057
11.2085
11.2029
11.2057
11.2001
11.2001
11.2029
11.1924
11.2043
11.1946
11.1946
11.2029
11.2085
11.2057
11.2057
11.1945
11.2057
11.2029
11.2001
11.1918
11.1918
11.1751
11.1721
11.1556
11.1389
11.1139
11.0957
11.0721
11.0721
11.0721
11.0721
11.0721
11.0721
11.0721
11.0721
11.0721
11.0721
11.0705
11.0705
11.0721
11.0721
11.0721
11.0721
11.0721
11.0721
11.0721
11.0721
11.0721
11.0721
11.0721
11.0721
11.0721
11.0721
11.0721
11.0721
11.0721
11.0721
11.0721
11.0721
11.0721
11.0714
11.0711
11.0721
11.0721
11.0721
11.0721
11.0721
11.0718
11.0715
11.0715
11.0715
11.0689
11.0663
11.0578
11.0534
11.0381
11.0205
11.0225
10.9977
10.9985
11.0046
10.9801
10.9717
10.9683
10.9541
10.9518
10.9434
10.941
10.9424
10.9405
10.9405
10.9385
10.9314
10.9235
10.9183
10.9223
10.9268
10.9117
10.9133
10.9119
10.9059
10.8724
10.8776
10.8668
10.835
10.7976
10.7768
10.7515
10.7501
10.7501
10.7501
10.7501
10.7501
10.741
10.7229
10.6958
10.6777
10.5976
10.4604
10.395
10.2974
10.2974
10.2974
10.2974
10.2974
10.2974
10.2974
10.2974
10.2974
10.2974
10.2974
10.2974
10.2974
10.2951
10.2974
10.2974
10.2974
10.2974
10.2974
10.2974
10.2974
10.2974
10.2974
10.2974
10.2974
10.2974
10.2974
10.2974
10.2974
10.2974
10.2974
10.2974
10.2974
10.2974
10.2974
10.2974
10.2951
10.2951
10.2974
10.2974
10.2974
10.2974
10.2974
10.297
10.297
10.2966
10.2959
10.2946
10.2955
10.295
10.2947
10.2947
10.2951
10.2951
10.2963
10.2947
10.2946
10.2954
10.2941
10.295
10.2925
10.2921
10.2933
10.2929
10.2913
10.2706
10.2624
10.2766
10.2826
10.2905
10.2774
10.2901
10.278
10.2818
10.2898
10.2839
10.2831
10.2892
10.2954
10.2941
10.2954
10.2958
10.2966
10.2962
10.2953
10.2941
10.2941
10.295
10.2941
10.2933
10.295
10.2954
10.2954
10.297
10.2947
10.2974
10.2974
10.2974
10.2974
10.2974
10.2974
10.2974
10.2974
10.2974
10.2974
10.2974
10.2974
10.2974
10.2974
10.2974
10.2974
10.2974
10.2974
10.2974
10.2974
10.2873
10.2873
10.2919
10.2974
10.2974
10.2974
10.2974
10.2974
10.2974
10.2974
10.2974
10.2974
10.2974
10.2974
10.2974
10.2974
10.2974
10.2974
10.2974
10.2974
10.2974
10.2974
10.2974
10.2974
10.2974
10.2974
10.2974
10.2974
10.2974
10.2974
10.2974
10.2974
10.2974
10.2974
10.2974
10.2974
10.2974
10.2974
10.2974
10.2974
10.2974
10.2974
10.2974
10.2974
10.2974
10.2974
10.2974
10.2974
10.2974
10.2974
10.2656
10.2824
10.2874
10.2872
10.2748
10.2675
10.2857
10.2974
10.2974
10.2974
10.2974
10.2974
10.2974
10.2974
10.2974
10.2974
10.2974
10.2974
10.2974
10.2974
10.2974
10.2974
10.297
10.2974
10.2974
10.2974
10.2974
10.2974
10.2974
10.2974
10.2974
10.2974
10.2974
10.2974
10.2974
10.2974
10.2974
10.2974
10.2974
10.2974
10.2974
10.2974
10.2974
10.2974
10.2974
10.2974
10.2974
10.2974
10.2974
10.2974
