28.2705
25.2814
24.2115
23.9234
22.178
22.178
22.147
22.0569
20.8973
20.7825
20.7293
19.618
19.618
19.3062
19.3062
18.9921
18.6285
18.6285
18.5948
18.5573
17.6718
17.5815
17.5815
17.362
17.362
17.3308
17.3308
16.9226
16.9226
16.9226
16.9226
16.9124
16.9226
16.4677
16.4677
16.4677
16.4677
16.3777
16.3777
16.3777
16.3453
16.3453
16.3453
16.3453
15.9698
15.9698
15.9698
15.7466
15.1331
15.1331
14.5748
14.5748
14.5748
14.5748
14.4341
14.3783
14.2376
14.3783
14.3783
14.3783
14.3783
12.9166
12.9166
12.7201
12.7201
12.7201
12.7201
12.7201
12.7201
12.7201
12.7201
12.7201
12.7201
12.7201
12.7201
12.7201
12.602
12.602
12.602
12.602
12.602
12.602
12.602
12.602
12.1997
12.1997
12.1997
12.1997
12.1997
12.1997
12.1997
12.1263
12.1263
12.1263
11.9519
11.9519
11.9519
11.9519
11.9519
11.9519
11.9519
11.9519
11.8338
11.9519
11.9519
11.9519
12.139
12.1498
12.1498
12.1997
12.1997
12.1997
12.139
12.1997
12.1369
11.8994
12.1369
12.1369
12.1369
12.1369
12.0031
12.0031
12.1997
12.1997
12.1997
12.1997
12.1878
12.1878
12.1997
12.1997
12.1997
12.1997
11.8288
11.8288
11.8288
11.8288
11.8288
11.8288
11.8288
11.8288
11.8288
11.8288
11.4501
11.7681
11.7681
11.8288
11.8288
11.8288
11.8288
11.8288
11.693
11.5233
11.693
11.6248
11.7732
11.7732
11.8288
11.7492
11.7492
11.7492
11.7492
11.7492
11.8288
11.8288
11.8288
11.7874
11.8288
11.8288
11.8288
11.8288
11.8288
11.4501
11.4501
11.4501
11.4501
11.4501
11.4501
11.4501
11.4501
11.3705
11.2023
11.2023
11.2023
11.2023
11.2023
11.2023
11.1837
11.1837
11.1042
11.1042
11.1042
11.1042
11.1042
11.1042
11.1042
11.1042
11.1042
11.1042
10.9831
10.9831
10.7586
11.0656
11.0656
11.0656
11.0632
11.0632
11.1042
11.1042
11.1042
11.1042
11.1042
11.0887
11.0887
11.0887
11.0887
11.0887
10.9035
10.9035
10.9035
10.9035
10.9035
10.9035
10.9035
11.0887
11.0887
11.0416
11.0416
10.9861
11.0887
11.0887
11.0887
11.1042
11.1042
11.1042
11.1042
11.1042
11.1042
11.1042
11.1042
11.1042
11.1042
11.1042
11.1042
11.1042
11.0072
10.0611
10.7606
10.7606
10.7606
10.7606
11.1042
11.1042
11.1042
11.1042
11.1042
11.0934
11.1042
11.1042
11.1042
11.1042
11.1042
10.0611
10.0611
10.0611
10.0611
10.0611
10.0611
10.0611
10.0611
10.0611
10.0611
10.0611
10.0611
10.0611
10.0611
10.0611
10.0468
10.0468
10.0468
10.0468
9.78439
9.78439
10.0611
10.0611
10.0611
10.0611
10.0611
10.0456
10.0456
10.0611
10.0611
10.0611
10.0611
10.0611
10.0611
10.0611
10.0611
10.0611
10.0611
10.0611
10.0611
10.0611
10.0611
10.0611
10.0611
10.0611
9.78439
9.76749
9.76749
9.76749
9.76749
9.76749
9.76749
9.76749
9.76749
9.76749
9.76749
9.76749
9.76749
9.76749
9.76749
9.76749
9.76749
9.76749
9.76749
9.76749
9.76749
9.76749
9.76749
9.76749
9.76749
9.71355
9.71355
9.76749
9.76749
9.76749
9.76749
9.76749
9.75103
9.75103
9.75103
9.75103
9.75103
9.75103
9.75103
9.75103
9.75103
9.75103
9.75103
9.75103
9.75103
9.75103
9.75103
9.75103
9.75103
9.59908
9.75103
9.75103
9.75103
9.75103
9.7368
9.7368
9.7368
9.7368
9.7368
9.7368
9.75103
9.75103
9.75103
9.75103
9.75103
9.75103
9.75103
9.75103
9.75326
9.75326
9.75326
9.75326
9.75326
9.75326
9.75326
9.75326
9.75326
9.75326
9.75326
9.75326
9.75326
9.75326
9.75326
9.75326
9.75103
9.75103
9.75103
9.75103
9.75326
9.75326
9.75326
9.75326
9.75326
9.75326
9.75326
9.75326
9.75326
9.75326
9.75326
9.75326
9.75326
9.75326
9.75326
9.75326
9.75326
9.75326
9.75326
9.75326
9.63515
9.63515
9.75326
9.75326
9.75326
9.75326
9.75326
9.75326
9.75326
9.75326
9.75326
9.75326
9.75326
9.75326
9.75326
9.75326
9.74239
9.63515
9.74239
9.74239
9.75326
9.75326
9.75326
9.75326
9.75326
9.75326
9.75326
9.75326
9.75326
9.75326
9.75326
9.75326
9.75326
9.75326
9.75326
9.75326
9.75326
9.75326
9.75326
9.75326
9.75326
9.75326
9.75326
9.75326
9.75326
9.75326
9.75326
9.75326
9.75326
9.75326
9.75326
9.75326
9.75326
9.75326
9.75326
9.75326
9.75326
9.75326
9.75326
9.75326
9.75326
9.75326
9.75326
9.75326
9.75326
9.75326
9.75326
9.75326
9.75326
9.75326
9.75326
9.75326
9.75326
9.75326
9.75326
9.75326
9.7368
9.75326
9.75326
9.75326
9.75326
9.75326
9.75326
9.75326
9.75326
9.75326
