27.5132
26.0252
25.0464
23.183
22.1401
21.5412
21.2929
21.2929
20.3409
20.1671
19.7245
19.0555
19.0555
19.0555
17.9512
17.6264
17.0755
16.9682
16.9682
15.7556
15.7556
15.7556
15.7489
15.2014
15.2014
15.2014
14.8685
14.8685
14.8294
14.6767
14.6767
14.1087
14.1087
14.3142
13.7895
13.7895
13.7895
13.7895
13.7895
13.7895
13.7895
13.7895
13.7711
13.7895
13.7731
13.7731
13.7895
13.7895
13.5423
13.7093
13.6488
13.6488
13.6488
13.6051
13.6488
13.6488
13.6488
13.3415
13.3415
13.3415
13.2613
13.2613
13.2613
13.2613
12.3622
12.3622
12.3622
12.3622
12.3622
12.3514
12.3514
12.3514
12.3514
12.3284
12.0535
12.3177
12.0535
12.0535
12.0535
12.0535
12.258
12.0252
12.1173
12.1173
12.0108
12.0108
12.2149
12.2149
12.2149
12.2026
12.2149
12.2149
12.0548
12.0548
12.0548
12.0548
12.0501
12.0501
12.0501
12.0501
12.0501
12.0501
11.9421
11.9421
11.9629
11.7711
11.7711
11.9629
11.9629
11.9629
11.7151
11.7151
11.7151
11.6142
11.6142
11.6142
11.2839
11.2839
11.2839
11.1273
11.1273
11.1273
11.1273
11.1273
11.1273
11.1273
11.1273
11.1273
11.1273
10.8024
11.1075
10.8715
11.1075
11.1075
11.1075
11.1075
11.1075
11.1075
11.0934
11.1075
11.1075
10.9509
11.1075
11.1075
11.1075
11.1075
10.9509
11.1075
11.1075
10.9509
10.9509
11.1075
11.1075
11.1075
11.1075
11.1022
11.1075
10.9556
10.9509
10.9509
10.6069
10.6069
10.6069
10.6069
10.6069
10.6069
10.6069
10.6069
10.6069
10.6069
10.6069
10.6069
10.6069
10.6069
10.6069
10.6069
10.6069
10.6069
10.6069
10.6069
10.6069
10.5853
10.6069
10.6069
10.6069
10.6069
10.6069
10.6069
10.3402
10.3402
10.3402
10.3402
10.3402
10.3402
10.3402
10.3402
10.3402
10.2615
10.2615
10.2615
10.2615
10.2615
10.2615
10.2615
10.2615
10.2615
10.2615
10.2615
10.2615
10.2615
10.2615
10.2615
10.2615
10.2615
10.2615
10.2615
10.2305
10.2287
10.2287
10.2287
10.2287
10.2287
10.2287
10.2287
10.2305
10.1095
10.1095
10.1095
10.1095
10.1095
10.1095
10.0785
10.0785
10.1095
10.0785
10.1095
9.78932
9.95802
9.95802
9.95802
9.95802
9.95802
9.95802
9.93077
9.93077
9.93077
9.93077
9.93077
9.92528
9.93077
9.93077
9.92528
9.48588
9.48588
9.48588
9.48588
9.48588
9.52685
9.52685
9.48588
9.48588
9.48588
9.48588
9.48588
9.45863
9.45863
9.45863
9.45863
9.45863
9.45863
9.45863
9.45863
9.46433
9.48588
9.48588
9.43935
9.48588
9.48588
9.45492
9.45492
9.48588
9.48588
9.48588
9.48588
9.48588
9.48588
9.48588
9.48588
9.48588
9.48588
9.48588
9.48588
9.48588
9.48588
9.48588
9.48588
9.48588
9.48588
9.48588
9.48588
9.48588
9.48588
9.48588
9.48588
9.48588
9.48588
9.48588
9.48588
9.48588
9.48588
9.48588
9.48588
9.48588
9.48588
9.48588
9.48588
9.48588
9.48588
9.48588
9.48588
9.48588
9.48588
9.48588
9.48588
9.48588
9.48588
9.48588
9.48588
9.48588
9.48588
9.48588
9.48588
9.48588
9.48588
9.48588
9.48588
9.48588
9.48588
9.48588
9.48588
9.48588
9.48588
9.48588
9.48588
9.48588
9.48588
9.48588
9.48588
9.48588
9.48588
9.48588
9.48588
9.48588
9.48588
9.48588
9.48588
9.48588
9.48588
9.48588
9.48588
9.48588
9.48588
9.48588
9.48588
9.48588
9.48588
9.48588
9.48588
9.48588
9.48588
9.48588
9.48588
9.48588
9.48588
9.48588
9.48588
9.48588
9.48588
9.48588
9.48588
9.48588
9.48588
9.48588
9.48357
9.48357
9.48588
9.43935
9.48588
9.48588
9.48588
9.48588
9.48588
9.48588
9.48588
9.48588
9.48588
9.43935
9.43935
9.43935
9.43935
9.43935
9.43935
9.43935
9.43935
9.43935
9.43935
9.43935
9.43935
9.43935
9.43935
9.43935
9.43935
9.43935
9.43935
9.43935
9.43935
9.43935
9.43935
9.43935
9.43935
9.43935
9.43935
9.43935
9.43935
9.43935
9.43935
9.43935
9.43935
9.43935
9.43935
9.43935
9.43935
9.43935
9.43935
9.43935
9.43935
9.43935
9.43935
9.43935
9.43935
9.43935
9.43935
9.43935
9.43935
9.40661
9.40661
9.43935
9.43935
9.40661
9.43935
9.43935
9.43935
9.43935
9.43935
9.43935
9.43935
9.43935
9.43935
9.43935
9.41779
9.43935
9.43935
9.43935
9.43935
9.43935
9.43935
9.43935
9.41779
9.41779
9.41779
9.41779
9.41779
9.41779
9.41779
9.41779
9.41779
9.41779
9.41779
9.41779
9.41779
9.41779
9.41779
9.43935
9.43935
9.43935
9.43935
9.43935
9.43935
9.41779
9.41779
9.43935
9.43935
9.43935
9.43935
9.43935
9.43935
9.43935
9.43935
9.43935
9.43935
