27.9448
25.6945
24.2854
22.1007
21.5011
21.5011
21.0349
21.263
20.4152
20.4152
20.4152
20.3162
19.5796
19.5796
19.5323
19.5323
19.1684
18.9837
18.9837
18.9834
18.5723
18.5723
17.9542
17.9517
17.8179
17.8179
17.2782
17.229
17.0695
16.4309
16.4309
16.1623
16.0284
15.6548
15.8775
15.6548
15.1026
14.7469
14.7469
14.7469
14.7469
14.7074
14.7469
14.6804
14.6129
14.3546
14.3546
14.3546
14.6129
14.6129
14.5949
14.1855
14.2647
14.1855
14.1855
14.1855
13.7715
13.7715
13.7221
13.7221
13.345
13.345
13.345
13.345
12.9545
13.345
13.345
13.345
13.3245
13.1931
13.1931
13.2956
13.0836
13.0836
13.0836
13.0458
13.0836
13.0836
13.0458
12.9149
11.6592
11.6592
11.5709
11.6592
11.6592
11.6592
11.6592
11.6592
11.3594
11.4877
11.4877
11.4877
11.4877
11.4877
11.4877
11.3594
11.3594
11.3594
11.3594
11.3594
11.3594
11.3594
11.3594
11.3594
11.3594
11.3594
11.3594
11.3594
11.3594
11.3594
10.7362
10.7362
10.7362
10.7362
10.7362
10.7344
10.6952
10.6952
10.5842
10.5842
10.5842
10.6679
10.6715
10.6715
10.6715
10.6715
10.6715
10.6715
10.6715
10.6715
10.6679
10.6679
10.6679
10.6169
10.6169
10.6169
10.6169
10.6169
10.6169
10.6169
10.6169
10.4386
10.6169
10.6169
10.5832
10.5832
10.5832
10.5832
10.5796
10.5796
10.3166
10.3166
10.5832
10.5832
10.5832
10.5832
10.5832
10.5832
10.5832
10.5832
10.5832
10.5832
10.5411
10.5411
10.5411
10.5411
10.5411
10.2411
10.2411
10.2411
10.2411
10.1829
10.1829
10.1829
10.1829
10.1829
10.1829
10.1588
10.1588
10.1588
10.1588
10.1588
10.1588
10.1588
10.1588
10.1588
10.1588
10.1588
10.1588
10.1588
10.1829
10.1829
10.1829
10.1829
10.1829
10.1492
10.1829
10.1829
10.1588
10.1588
10.1829
10.1829
10.1829
10.1537
10.1537
10.1829
10.1829
10.1829
10.1738
10.1738
10.1738
10.1738
10.1738
10.1738
10.1738
10.1738
10.1738
10.1738
10.1738
10.1738
10.1738
10.1738
10.1738
10.1738
10.1738
10.1738
10.1738
10.1738
10.1738
10.1738
10.1738
10.1738
10.1738
10.1738
10.1738
10.1738
10.1738
10.1738
10.1738
10.0439
10.1738
10.1738
10.1738
10.1738
10.1738
10.1738
10.1738
10.1738
10.1738
10.1738
10.1738
10.1738
10.1738
10.1738
10.1738
10.1738
10.1738
10.1738
10.118
10.1738
10.1738
10.1738
10.1738
10.1738
10.1738
10.0398
10.0398
10.0344
10.0398
10.1738
10.1738
10.1738
10.1738
10.1738
10.1738
10.1738
10.1738
10.1738
10.1738
10.1125
10.1738
10.1738
10.1738
10.1738
10.1738
10.1738
10.1738
10.1738
10.1738
10.1738
10.1738
10.1738
10.1738
10.1738
10.1738
10.1738
10.1738
10.1738
10.1738
10.1738
10.1738
10.1738
10.1645
10.1738
10.1738
10.1738
10.1738
10.1609
10.1738
10.1216
10.1738
10.1738
10.1738
10.1738
10.1738
10.1738
10.1738
10.1738
10.1738
10.1738
10.1738
10.0219
10.1554
10.1554
10.1554
10.1554
10.1738
10.1738
10.1738
10.1738
10.1738
10.1738
10.1738
10.1738
10.1738
10.1738
10.1738
10.1738
10.1738
10.1738
10.1738
10.1738
10.0439
10.0439
10.0274
10.0219
10.0439
10.1738
10.1738
10.1738
10.1738
10.1738
10.1738
10.1738
10.1738
10.1738
10.1738
10.1738
10.1661
10.1738
10.1738
10.1738
10.1738
10.1738
10.1738
10.1738
10.1738
10.1738
10.1738
10.1738
10.1738
10.1738
10.1738
10.1738
10.1738
10.1738
10.1738
10.1738
10.1738
10.1738
10.1738
10.1738
10.1738
10.1738
10.1738
10.1738
10.1738
10.1738
10.1738
10.1738
10.1738
10.1738
10.1738
10.1216
10.1738
10.1738
10.1738
10.1738
10.1738
10.1738
9.59011
9.61058
9.61058
9.61058
9.61058
9.61058
9.61058
9.61058
9.61058
9.61058
9.61058
9.61058
9.61058
9.61058
9.61058
9.61058
9.61058
9.61058
9.61058
9.61058
9.61058
9.61058
9.61058
9.61058
9.61058
9.61058
9.61058
9.61058
9.61058
9.61058
9.61058
9.61058
9.61058
9.61058
9.61058
9.61058
9.61058
9.61058
9.61058
9.61058
9.61058
9.61058
9.61058
9.61058
9.61058
9.61058
9.61058
9.61058
9.61058
9.61058
9.59011
9.61058
9.61058
9.61058
9.61058
9.61058
9.61058
9.61058
9.61058
9.61058
9.61058
9.61058
9.61058
9.61058
9.60509
9.60509
9.60509
9.61058
9.61058
9.61058
9.61058
9.61058
9.61058
9.61058
9.61058
9.61058
9.61058
9.61058
9.61058
9.61058
9.61058
9.61058
9.61058
9.61058
9.61058
9.61058
9.61058
9.61058
9.61058
9.61058
9.60509
9.61058
9.61058
9.61058
9.60286
9.60286
9.60286
9.61058
9.61058
9.61058
