27.9448
25.6945
24.2854
22.1007
21.5011
21.5011
21.0349
21.263
20.4152
20.4152
20.4152
20.3162
19.5796
19.5796
19.5323
19.5323
19.1684
18.9837
18.9837
18.9834
18.5723
18.5723
17.9542
17.9517
17.8179
17.8179
17.2782
17.229
17.0695
16.4309
16.4309
16.1623
16.0284
15.6548
15.8775
15.6548
15.1026
14.7469
14.7469
14.7469
14.7469
14.7074
14.7469
14.6804
14.6129
14.3546
14.3546
14.3546
14.6129
14.6129
14.6804
14.6804
14.6804
14.6804
14.3873
14.3873
14.4703
14.4703
14.4703
14.4638
14.4063
14.4063
14.4063
14.0929
14.0929
14.0929
14.0929
14.0374
14.0374
14.0374
14.03
14.0374
13.941
13.7171
13.7171
13.7171
13.7171
13.7171
13.7171
13.5652
13.5652
13.5652
13.5652
13.5652
13.3414
13.3414
12.6366
12.6366
12.4847
12.4847
12.4847
12.4847
12.4657
12.3138
12.3138
12.2404
12.2404
12.2214
12.1171
12.1171
12.2404
12.1957
12.0695
12.0695
12.0695
12.0695
12.0695
11.9462
11.9462
11.9462
11.8651
11.8651
11.8281
11.8281
11.8281
11.8281
11.8281
11.8281
11.8281
11.8281
11.8281
11.8281
11.8281
11.8281
11.8197
11.8197
11.8281
11.8281
11.8281
11.8281
11.8197
11.8281
11.8281
11.6442
11.5209
11.5209
11.5209
11.5209
11.5209
11.2113
11.2113
11.2113
11.2113
11.2113
11.2113
11.2113
11.2113
11.2113
11.2113
11.2113
11.2113
11.1405
11.1878
11.2113
11.2113
11.2113
11.2113
11.2113
11.2113
11.2113
11.2113
11.2113
11.2113
11.2113
10.7586
10.7586
10.7586
10.7586
10.7586
10.7586
10.7172
10.7172
10.7172
10.7172
10.7172
10.6758
10.6758
10.7172
10.7172
10.7172
10.7172
10.7172
10.7172
10.7172
10.7172
10.7172
10.7172
10.7172
10.7172
10.7172
10.7586
10.7586
10.7586
10.6504
10.6504
10.6504
10.7586
10.7586
10.7586
10.7586
10.7586
10.7586
10.7586
10.7586
10.7586
10.7586
10.7586
10.743
10.743
10.5682
10.5682
10.5682
10.5682
10.5682
10.5682
10.5682
10.5682
10.5682
10.5682
10.5682
10.5539
10.5682
10.5682
10.5682
10.5682
10.5682
10.5682
10.5682
10.5682
10.5682
10.5682
10.5682
10.4854
10.4854
10.4854
10.4854
10.4854
10.4854
10.4854
10.4854
10.4854
10.4854
10.4854
10.4854
10.4854
10.4854
10.5682
10.5682
10.5539
10.5539
10.5539
10.4366
10.4366
10.4366
10.4366
10.4366
10.4366
10.4366
10.4366
10.4366
10.4366
10.4366
10.4366
10.4366
10.4366
10.4366
10.4366
10.4366
10.4366
10.4366
10.4366
10.4366
10.4366
10.4366
10.4366
10.4366
10.4366
10.4366
10.4366
10.4366
10.4366
10.4366
10.4366
10.4366
10.4366
10.4366
10.4366
10.4366
10.4366
10.4366
10.4366
10.4366
10.4366
10.4366
10.4366
10.4366
10.4366
10.4366
10.4366
10.4366
9.94295
9.94295
9.94295
9.94295
9.89652
9.93018
9.93018
9.80738
9.80738
9.80738
9.80738
9.80738
9.80738
9.80738
9.80738
9.80738
9.80738
9.77372
9.77546
9.77546
9.77546
9.77546
9.77546
9.77546
9.77546
9.80738
9.80738
9.80738
9.80738
9.80738
9.80738
9.80738
9.80738
9.80738
9.80738
9.80738
9.80738
9.80738
9.80738
9.77372
9.77372
9.80738
9.51381
9.80738
9.80738
9.51381
9.51381
9.51381
9.51381
9.51381
9.51381
9.51381
9.51381
9.35717
9.51381
9.51381
9.51381
9.51381
9.51381
9.51381
9.51381
9.51381
9.51381
9.51381
9.47654
9.47654
9.47654
9.47654
9.47654
9.47654
9.51381
9.47283
9.51381
9.51381
9.51381
9.51381
9.35717
9.35717
9.35717
9.35717
9.51381
9.51381
9.51381
9.47283
9.47283
9.47283
9.47283
9.47283
9.47283
9.47283
9.46008
9.46008
9.46008
9.46008
9.46008
9.46008
9.46008
9.46008
9.49734
9.49734
9.49734
9.49734
9.47283
9.47283
9.47283
9.47283
9.45637
9.45637
9.49734
9.49734
9.49734
9.49734
9.49734
9.49734
9.48189
9.48189
9.48189
9.48189
9.46543
9.34071
9.34071
9.34071
9.3088
9.3088
9.3088
9.3088
9.3088
9.3088
9.29974
9.31991
9.31991
9.31991
9.31991
9.31991
9.30344
9.30344
9.30344
9.30344
9.30344
9.30344
9.30344
9.3088
9.3088
9.28978
9.28978
9.28978
9.27331
9.27331
9.27331
9.27331
9.29944
9.29944
9.32526
9.3088
9.3088
9.3088
9.29944
9.29944
9.3088
9.3088
9.3088
9.3088
9.3088
9.29944
9.29944
9.29944
9.32526
9.3088
9.3088
9.32526
9.32526
9.32526
9.29944
9.29944
9.29944
9.29944
9.29944
9.29944
9.29944
9.29944
9.29944
9.28978
9.29944
9.29944
9.29944
9.29944
9.29944
9.29944
9.29944
9.29944
9.29944
9.28297
9.29944
9.29944
9.29944
9.28297
9.28297
9.28297
9.28297
9.28297
