28.1307
25.8209
24.4866
22.4877
22.4877
21.5663
21.4756
21.4756
21.0754
20.7156
20.3237
19.9849
19.9849
17.2275
16.9587
16.9587
16.9587
16.1787
16.1787
16.2879
16.2069
16.0327
15.2141
15.2141
15.1939
15.1939
15.147
15.1939
15.1939
15.1939
15.1939
15.1939
15.1939
15.1939
14.8481
14.8481
14.9058
14.8856
14.2919
14.2919
14.2919
14.2919
14.2919
14.2919
14.2919
14.2919
14.2129
14.2126
14.2126
14.2129
13.7093
13.7093
13.7714
13.7714
13.7714
13.8379
13.7516
13.7212
13.7516
13.7212
13.6119
13.6119
13.5231
13.5231
13.5231
13.5231
13.5231
13.2971
13.2345
13.2345
13.2345
13.2345
13.2345
13.2345
13.1455
13.2345
13.133
12.9514
13.133
13.133
13.133
12.9092
12.8466
12.9092
12.8466
12.8466
12.7451
12.7451
12.7451
12.7451
12.5732
12.5732
12.5732
12.5732
12.5732
12.5732
12.5732
12.5732
12.5732
12.5732
12.1171
12.5732
12.5732
12.5732
12.5732
12.5603
12.5603
12.114
12.114
12.114
12.114
12.114
12.114
12.114
12.114
12.114
12.114
12.052
12.114
12.114
12.114
12.114
12.114
12.114
12.0698
11.9302
11.9302
12.0698
11.9171
11.9171
11.9171
12.114
12.114
12.0776
12.114
12.0776
12.114
12.114
12.114
11.9357
11.9357
11.9357
11.9357
11.9357
11.9357
11.9357
11.9357
11.9357
11.9357
11.9357
11.2113
11.2113
11.2113
11.2113
11.2113
11.2028
11.2113
11.2113
11.2113
11.2113
11.2113
11.2113
11.0721
11.0721
11.0721
11.0721
11.0721
11.0721
11.0721
11.0721
11.0721
11.0721
10.7586
11.0721
11.0721
11.0721
11.0721
11.0721
11.0721
11.0721
11.0721
11.0721
11.0721
11.0721
11.0721
11.0721
11.0721
11.0721
11.0721
11.0721
11.0721
11.0721
11.0721
11.0721
11.0721
11.0721
11.0721
11.0721
11.0721
11.0721
11.0721
11.0721
10.9893
10.9893
11.0721
11.0721
11.0721
11.0721
11.0721
11.0721
11.0721
11.0721
11.0721
11.0721
11.0721
11.0721
11.0721
11.0721
11.0721
11.0721
11.0721
11.0721
11.0721
11.0721
11.0721
11.0356
11.0356
11.0721
11.0721
11.0721
11.0721
11.0721
11.0578
11.0578
11.0578
11.0578
10.9405
10.9405
10.9405
10.9064
10.9064
10.9064
10.9064
10.9405
10.92
10.92
10.92
10.92
10.92
10.92
10.9405
10.9405
10.92
10.9405
10.9405
10.9405
10.8426
10.7989
10.7989
10.7989
10.7989
10.7989
10.7501
10.7501
10.7501
10.7501
10.7501
10.7501
10.7501
10.7501
10.7501
10.7501
10.7501
10.7501
10.7501
10.7501
10.7501
10.7501
10.2974
10.2974
10.2974
10.2974
10.2974
10.2974
10.2974
10.2974
10.2974
10.2974
10.2974
10.2974
10.2974
10.2974
10.2974
10.2974
10.2974
10.2974
10.2974
10.2974
10.1806
10.2974
10.2974
10.2974
10.2974
10.2974
10.2974
10.2974
10.2974
10.2974
10.2974
10.2974
10.2974
10.2974
10.2974
10.2974
10.2974
10.2974
10.2974
10.2974
10.2974
10.2974
10.2974
10.1806
10.1806
10.2974
10.2974
10.2974
10.2974
10.2974
10.2769
10.2769
10.2769
10.2609
10.2609
10.2609
10.2609
10.2609
10.2609
10.2609
10.2609
10.2609
10.2609
10.2609
10.2769
10.2769
10.2769
10.2769
10.2769
10.2769
10.2769
10.2769
9.75103
9.63292
9.75103
9.92649
9.99114
9.99114
9.99114
9.98972
9.88764
9.98972
9.98972
9.98972
9.98972
10.2769
10.2769
10.2769
10.2769
10.2769
10.2769
10.2724
10.2769
10.2769
10.2769
10.2769
10.2769
10.2769
10.2769
10.2769
10.2769
10.1806
10.2974
10.2974
10.2974
10.2974
10.2974
10.2974
10.2974
10.2974
10.2974
10.2974
10.2974
10.2974
10.2974
10.2974
10.2974
10.2974
10.2974
10.2974
10.2974
10.2974
9.79091
9.79091
10.0237
10.2974
10.2974
10.2974
10.2974
10.2974
10.2974
10.2974
10.2974
10.2974
10.2974
10.2974
10.2974
10.2974
10.2974
10.2974
10.2974
10.2974
10.2974
10.2974
10.2974
10.2974
10.2974
10.2974
10.2974
10.2974
10.2974
10.2974
10.2974
10.2974
10.2974
10.2974
10.2974
10.2974
10.2974
10.2974
10.2974
10.2974
10.2974
10.2974
10.2974
10.2974
10.2974
10.2974
10.2974
10.2974
10.2974
10.2974
9.75326
10.0468
10.0468
10.0388
9.92873
9.92873
9.92873
10.2974
10.2974
10.2974
10.2974
10.2974
10.2974
10.2974
10.2974
10.2974
10.2974
10.2974
10.2974
10.2974
10.2974
10.2974
10.2769
10.2974
10.2974
10.2974
10.2974
10.2974
10.2974
10.2974
10.2974
10.2974
10.2974
10.2974
10.2974
10.2974
10.2974
10.2974
10.2974
10.2974
10.2974
10.2974
10.2974
10.2974
10.2974
10.2974
10.2974
10.2974
10.2974
10.2974
