28.2705
25.2814
24.2115
23.9234
22.178
22.178
22.147
22.0569
20.8973
20.7825
20.7293
19.618
19.618
19.3062
19.3062
18.9921
18.6285
18.6285
18.5948
18.5573
17.6718
17.5815
17.5815
17.362
17.362
17.3308
17.3308
16.9226
16.9226
16.9226
16.9226
16.9124
16.9226
16.4677
16.4677
16.4677
16.4677
16.3777
16.3777
16.3777
16.3453
16.3453
16.3453
16.3453
15.9698
15.9698
15.9698
15.7466
15.1331
15.1331
15.1331
14.8877
14.4819
14.4819
14.4819
13.3475
13.1038
13.1038
13.1038
12.8786
12.8786
12.6349
12.6349
12.6287
12.6287
12.6287
12.4886
12.459
12.3022
12.2333
12.1888
12.1888
11.8055
11.8055
11.8055
11.8055
11.6592
11.6592
11.6592
11.6592
11.3912
11.6592
11.6592
11.6592
11.6592
11.6592
11.6592
11.6592
11.6592
11.6592
11.6592
11.6592
11.534
11.534
11.6592
11.6592
11.6592
11.6592
11.6327
11.6327
11.6327
11.6327
11.6327
11.6327
11.6327
11.6327
11.5709
11.5709
11.5709
11.5709
11.5049
11.5049
11.5049
11.5049
11.5709
11.5709
11.5709
11.5709
11.3138
11.5709
11.5709
11.5709
11.5709
11.5493
11.5493
11.5709
11.4951
11.4951
11.4951
11.4951
11.4951
11.4951
11.4951
11.4951
11.4951
11.4068
11.4068
11.4068
11.4068
11.2711
11.2711
11.2711
10.9476
10.6478
10.6478
10.6069
10.6478
10.6069
10.6069
10.6069
10.6069
10.6069
10.3866
10.3866
10.6069
10.6069
10.6478
10.6069
10.6069
10.6069
10.6069
10.5908
10.6478
10.6478
10.6478
10.6069
10.3024
10.3024
10.3024
10.3024
10.3024
10.3024
10.3024
10.3024
10.3024
10.1509
10.1509
10.1509
10.1509
10.1509
10.1509
10.1509
10.1509
10.0863
10.0863
10.0863
10.0863
10.0863
10.0863
10.0863
10.0863
10.0863
10.0863
10.0863
10.0863
10.0827
10.0827
10.0827
10.0827
10.0827
10.0827
10.0827
10.0827
10.0827
10.0863
10.0863
10.0827
10.0827
10.0827
10.0827
10.0827
10.0827
10.0827
10.0827
10.0827
10.0827
10.0827
10.0827
10.0827
10.0827
10.0827
10.0827
10.0827
10.0827
10.0827
10.0827
10.0827
10.075
10.0827
10.0827
10.0827
10.0772
10.0521
10.0827
10.0786
10.0827
10.0827
10.0827
10.0827
10.0827
10.0827
10.0827
10.0827
10.0827
10.0827
10.0827
10.0827
10.0747
10.0827
10.0827
10.0827
10.0827
10.0827
10.0827
10.0622
10.0622
10.0622
10.0622
10.0521
10.0521
10.0622
10.0622
10.0622
10.0622
10.0622
9.96307
10.0622
10.0622
10.0622
10.0622
10.0622
10.0622
10.0622
10.0622
10.0622
10.0622
10.0622
10.0622
10.0622
10.0622
10.0622
10.0622
10.0622
10.0622
10.0622
10.0622
10.0622
10.0622
10.0622
10.0622
10.0622
10.0622
10.0622
10.0622
10.0622
10.0622
10.0622
10.0622
10.0622
10.0622
10.0622
10.0622
10.0622
10.0622
10.0622
10.0622
10.0622
10.0622
10.0622
10.0622
10.0622
10.0622
10.0622
10.0622
10.0622
10.0622
10.0622
10.0622
10.0622
10.0622
10.0622
10.0622
10.0622
10.0622
10.0622
10.0622
10.0622
10.0622
10.0622
10.0622
10.0622
10.0622
10.0622
9.59011
9.59011
10.0622
10.0622
10.0622
10.0622
10.0622
10.0622
10.0622
10.0622
10.0317
10.0317
10.0622
10.0622
10.0354
10.0354
10.0354
10.0354
10.0526
10.0526
10.0526
10.0526
10.0526
10.0526
10.0526
10.0526
10.0526
10.0526
10.0526
10.0622
10.0622
10.0526
10.0622
10.0622
10.0622
10.0622
10.0622
10.0622
9.59011
9.59011
9.59011
9.59011
9.59011
9.59011
9.59011
9.59011
9.59011
9.59011
9.59011
9.59011
9.59011
9.59011
9.59011
9.59011
9.59011
9.59011
9.59011
9.59011
9.59011
9.59011
9.59011
9.59011
9.59011
9.59011
9.59011
9.59011
9.59011
9.59011
9.59011
9.58045
9.59011
9.59011
9.59011
9.59011
9.59011
9.59011
9.59011
9.59011
9.59011
9.59011
9.59011
9.59011
9.59011
9.59011
9.59011
9.59011
9.59011
9.59011
9.59011
9.59011
9.59011
9.59011
9.59011
9.59011
9.59011
9.59011
9.59011
9.59011
9.59011
9.59011
9.59011
9.59011
9.59011
9.59011
9.59011
9.59011
9.59011
9.59011
9.59011
9.59011
9.59011
9.59011
9.59011
9.59011
9.59011
9.59011
9.59011
9.59011
9.59011
9.59011
9.59011
9.59011
9.59011
9.59011
9.59011
9.59011
9.59011
9.59011
9.59011
9.59011
9.59011
9.59011
9.59011
9.59011
9.59011
9.59011
9.59011
9.59011
9.59011
9.59011
9.59011
9.59011
9.59011
9.59011
9.59011
9.59011
9.59011
9.59011
9.59011
9.59011
9.59011
9.59011
9.59011
9.59011
9.59011
9.59011
9.59011
9.59011
9.59011
9.59011
9.59011
9.59011
9.59011
9.58045
9.58045
9.58045
9.58045
