28.1307
25.8209
24.4866
22.4877
22.4877
21.5663
21.4756
21.4756
21.0754
20.7156
20.3237
19.9849
19.9849
17.2275
16.9587
16.9587
16.9587
16.1787
16.1787
16.2879
16.2069
16.0327
15.2141
15.2141
15.1939
15.1939
15.147
15.1939
15.1939
15.1939
15.1939
15.1939
15.1939
15.1939
14.8481
14.8481
14.9058
14.8856
14.2919
14.2919
14.2919
14.2919
14.2919
14.2919
14.2919
14.2919
14.2129
14.2126
14.2126
14.2129
14.2129
14.2129
14.2129
14.1789
14.1789
14.0429
14.0429
14.1789
14.1129
14.1789
14.1976
14.1789
14.1789
14.1789
14.0763
13.7124
14.0763
14.0763
13.9633
13.9633
13.9633
13.9633
13.787
13.787
13.787
13.5835
13.5835
13.2584
13.2584
13.2584
12.0535
12.0535
11.9173
11.6948
11.6948
11.6948
11.6948
11.6784
11.5164
11.6784
11.6948
11.6948
11.6948
11.6948
11.6948
11.6948
11.4475
11.4475
11.4475
11.4475
11.4475
11.4475
11.4475
11.4475
11.4475
11.4475
11.4475
11.4475
11.4475
11.4245
11.4475
11.3068
11.4475
11.4475
11.4475
11.437
11.4475
11.4475
11.4327
11.4327
11.4475
11.4475
11.4311
11.3461
11.3461
11.3461
11.3461
11.3461
11.4311
11.4311
11.4311
11.4311
11.4311
11.4311
11.4311
11.4311
11.4311
11.4311
11.4311
11.4311
11.4311
11.4311
11.4311
11.3852
11.3852
11.3852
11.3852
11.3852
11.4311
11.4311
11.4311
11.4475
11.4475
11.4475
11.4475
11.4475
11.4475
11.4319
11.4475
11.4475
10.6715
10.6715
11.3461
11.3461
11.3461
11.3461
11.3461
11.3461
11.3461
11.3461
11.3461
11.2837
11.3368
11.3368
11.2782
11.2837
11.2837
11.2837
11.2837
11.3461
11.2837
11.3852
11.3852
11.3852
11.3852
11.3852
11.3852
11.3852
11.3852
11.3852
11.3852
11.3852
11.3696
11.3696
11.2445
11.2445
11.2392
11.3696
11.3696
11.3696
11.3696
11.3057
11.3057
11.3057
11.3057
11.3057
11.3057
11.3057
11.3696
11.3696
11.3696
11.3696
11.3696
11.3696
11.3696
11.3696
11.3696
11.3696
11.3696
11.3696
11.3696
11.3696
11.3696
11.3696
11.3696
11.2805
11.2805
11.3643
11.3548
11.3548
11.3548
11.3696
11.3696
11.3696
11.3696
11.3696
11.2288
11.2288
11.2288
11.3696
10.0439
10.0439
10.0439
10.0439
10.0439
10.0439
10.0439
10.0439
10.0439
10.0439
10.0439
10.0439
10.0439
10.0439
10.0439
10.0439
10.0439
10.0439
10.0439
10.0439
10.0439
10.0439
10.0439
10.0439
10.0439
10.0439
10.0439
10.0439
10.0439
10.0439
10.0439
10.0439
10.0439
10.0439
10.0439
10.0439
10.0439
10.0439
10.0439
10.0439
10.0439
10.0439
10.0439
10.0439
10.0439
10.0439
10.0439
10.0439
10.0439
10.0439
10.0439
10.0439
10.0439
10.0439
10.0439
10.0439
10.0362
10.0362
10.0439
10.0439
10.0439
10.0439
10.0439
10.0439
10.0439
10.0439
10.0439
10.0439
10.0439
10.0439
10.0439
10.0439
10.0439
10.0439
10.0439
9.98259
9.98259
10.0439
10.0439
10.0439
9.48588
9.48588
9.48588
9.60463
9.48588
9.48588
9.48588
9.48588
9.48588
9.45314
9.45314
9.45314
9.45314
9.45314
9.45314
9.45314
9.45314
9.45314
9.45314
9.45314
9.45314
9.45314
9.45314
9.45314
9.45314
9.45314
9.45314
9.45314
9.45314
9.45314
9.45314
9.45314
9.45314
9.45314
9.45314
9.45314
9.45314
9.45314
9.45314
9.45314
9.45314
9.45314
9.45314
9.45314
9.45314
9.45314
9.45314
9.45314
9.45314
9.45314
9.45314
9.45314
9.45314
9.45314
9.45314
9.45314
9.45314
9.45314
9.45314
9.45314
9.45314
9.45314
9.45314
9.45314
9.45314
9.45314
9.45314
9.45314
9.45314
9.45314
9.45314
9.45314
9.45314
9.45314
9.40661
9.45314
9.45314
9.45314
9.45314
9.45314
9.40661
9.40661
9.45314
9.45314
9.45314
9.45314
9.45314
9.45314
9.45314
9.45314
9.45314
9.45314
9.45314
9.45314
9.45314
9.45314
9.45314
9.45314
9.45314
9.45314
9.45314
9.45314
9.45314
9.45314
9.45314
9.45314
9.40661
9.40661
9.40661
9.40661
9.40661
9.40661
9.40661
9.40661
9.40661
9.40661
9.40661
9.40661
9.40661
9.40661
9.40661
9.40661
9.40661
9.40661
9.40661
9.40661
9.40661
9.40661
9.40661
9.40661
9.40661
9.40661
9.40661
9.40661
9.40661
9.40661
9.40661
9.40661
9.40661
9.40661
9.40661
9.40661
9.40661
9.40661
9.40661
9.40661
9.40661
9.40661
9.40661
9.40661
9.40661
9.40661
9.40661
9.40661
9.40661
9.40661
9.40661
9.40661
9.40661
9.40661
9.40661
9.40661
9.40661
9.40661
9.40661
9.40661
9.40661
9.40661
9.40661
9.40661
9.40661
9.40661
9.40661
9.40661
9.40661
9.40661
9.40661
9.40661
9.40661
9.40661
