27.5132
26.0252
25.0464
23.183
22.1401
21.5412
21.2929
21.2929
20.3409
20.1671
19.7245
19.0555
19.0555
19.0555
17.9512
17.6264
17.0755
16.9682
16.9682
15.7556
15.7556
15.7556
15.7489
15.2014
15.2014
15.2014
14.8685
14.8685
14.8294
14.6767
14.6767
14.1087
14.1087
14.3142
13.7895
13.7895
13.7895
13.7895
13.7895
13.7895
13.7895
13.7895
13.7711
13.7895
13.7731
13.7731
13.7895
13.7895
13.5423
13.7093
13.6488
13.6488
13.6488
13.6051
13.6488
13.3642
13.6956
13.3415
13.3415
13.3415
13.2613
13.2613
13.2613
13.2613
13.0256
13.2475
13.2613
12.9454
12.9454
12.9454
12.2863
12.2061
12.2061
12.0158
12.1019
12.1809
12.1799
12.0158
12.1799
12.1799
12.1799
12.0535
11.9913
12.0535
12.1536
12.1525
12.0158
12.1525
12.1525
12.1525
12.1799
12.1799
12.1156
12.1156
12.1156
12.1156
12.1799
12.1799
12.1799
12.1799
12.1799
11.9811
12.1799
12.1799
12.1799
11.693
11.693
12.0809
12.0809
12.1176
12.1176
12.1781
12.1799
12.1691
12.1799
12.1799
11.693
11.693
11.693
11.693
11.693
11.693
11.693
11.6912
11.638
11.638
11.638
11.6306
11.6306
11.5314
11.5314
11.5314
11.5528
11.693
11.693
11.693
11.693
11.693
11.693
11.693
11.6765
11.6765
11.6765
11.6765
11.693
11.693
11.693
11.693
11.693
11.693
11.693
11.693
11.693
11.693
11.6769
11.6765
11.693
11.6875
11.6875
11.6875
11.6875
11.6085
11.6085
11.6085
11.6085
11.6085
11.6085
11.6342
11.5314
11.5314
11.341
11.6306
11.6306
11.6306
11.6306
11.6306
11.341
11.341
11.2787
11.2787
11.2787
11.2787
11.2787
11.2787
11.1844
11.1844
11.1844
11.1844
10.9882
10.9295
10.9295
10.9295
10.9259
10.841
10.841
10.841
10.841
10.7786
10.7786
10.7786
10.7786
10.7786
10.7786
10.7786
10.7786
10.7786
10.7786
10.7786
10.7786
10.7786
10.7786
10.7786
10.7786
10.7786
10.7786
10.7786
10.7786
10.7786
10.7786
10.7786
10.7786
10.7786
10.7786
10.7786
10.7786
10.622
10.622
10.622
10.622
10.622
10.622
10.622
10.622
10.622
10.622
10.622
10.622
10.5901
10.5901
10.5901
10.4563
10.4563
10.4563
10.622
10.622
10.622
10.622
10.4563
10.622
10.622
10.622
10.622
10.622
10.622
10.622
10.622
10.622
10.622
10.3892
10.5696
10.5696
10.622
10.622
10.622
10.622
10.622
10.622
10.622
10.622
10.5509
10.5509
10.5509
10.5509
10.5509
10.5509
10.5509
10.5509
10.5509
10.5509
10.622
10.622
10.622
10.622
10.622
10.5901
10.5901
10.622
10.4563
10.622
10.5908
10.5908
10.622
10.622
10.622
10.622
10.5509
10.5509
10.4563
10.5509
10.5509
10.2532
10.2532
10.2532
10.2532
10.2532
10.2532
10.2532
10.622
10.622
10.622
10.622
10.622
10.622
10.622
10.622
10.622
10.622
10.622
10.622
10.622
10.5981
10.622
10.622
10.622
10.622
10.622
10.5891
10.5908
10.622
10.622
10.4563
10.4563
10.4563
10.4563
10.622
10.622
10.622
10.622
10.622
10.622
10.622
10.622
10.5853
10.5853
10.622
10.622
10.622
10.622
10.622
10.4563
10.5198
10.622
10.3892
10.622
10.622
10.622
10.622
10.622
10.5891
10.5891
10.622
10.5981
10.5981
10.622
10.622
10.622
10.5696
10.5696
10.622
10.622
10.622
10.622
10.622
10.622
10.622
10.622
10.5696
10.5696
10.5696
10.5696
10.5696
10.5696
10.5696
10.5696
10.5696
10.5696
10.5678
10.5696
10.5696
10.5696
10.5696
10.5696
10.5696
10.5696
10.5696
10.5696
10.5678
10.5678
10.5678
10.5678
9.75326
9.75326
9.75326
9.75326
9.75326
9.75326
9.75326
9.71686
9.71686
9.71686
9.69818
9.69818
9.67434
9.69818
9.69818
9.69818
9.69818
9.69818
9.67434
9.67434
9.67434
9.65567
9.63482
9.63482
9.63482
9.67434
9.67434
9.67434
9.67434
9.67434
9.67434
9.67434
9.67434
9.67434
9.67434
9.67434
9.66347
9.66347
9.67434
9.67434
9.67434
9.67434
9.67434
9.67434
9.67434
9.67434
9.67434
9.67434
9.67434
9.67434
9.59194
9.59194
9.59194
9.59194
9.59194
9.59194
9.59194
9.59194
9.59194
9.59194
9.59194
9.59194
9.59194
9.59194
9.59194
9.53973
9.59194
9.59194
9.59194
9.59194
9.59194
9.59194
9.59194
9.59194
9.59194
9.59194
9.59194
9.43725
9.43725
9.59194
9.59194
9.59194
9.59194
9.59194
9.59194
9.59194
9.59194
9.59194
9.59194
9.59194
9.59194
9.59194
9.59194
9.59194
9.59194
9.59194
9.59194
9.59194
9.59194
9.59194
