-0.492102   -0.488075   0.488956
-0.309235   -0.3388   -0.49789
0.485521   -0.341193   -0.33414
-0.334884   -0.481506   -0.342891
-0.156842   -0.496676   -0.483848
0.0131231   -0.33254   -0.487264
-0.156877   -0.335825   -0.319124
0.0461991   0.483408   -0.315277
0.172368   0.484558   0.491568
0.335138   -0.322266   0.494425
0.172154   -0.321731   -0.327287
0.325261   -0.498589   -0.329885
-0.48808   -0.183179   -0.499272
-0.333844   -0.00410314   0.492734
-0.471203   -0.0130123   -0.334683
-0.313474   -0.175974   -0.328158
-0.16005   -0.171796   -0.488887
-0.00193068   -0.0157508   -0.485251
-0.165309   0.00420795   -0.345851
0.00356993   -0.172407   -0.317251
0.174344   -0.158071   -0.468516
0.354611   -0.0204177   -0.492396
0.162563   0.0163933   -0.327913
0.345922   -0.159419   -0.317329
-0.496351   0.156028   0.495522
-0.324526   0.333193   0.493373
-0.49554   0.347696   -0.341751
-0.329773   0.175692   -0.339523
-0.15884   0.155994   -0.499326
-0.00712608   0.327387   -0.472814
-0.178844   0.331483   -0.330229
-0.0150434   0.172518   -0.325972
0.168279   0.172815   -0.496477
0.345965   0.336581   -0.493246
0.179047   0.324381   -0.317807
0.3286   0.150078   -0.346689
0.498713   0.480319   -0.162235
-0.337465   -0.334542   -0.165579
-0.488069   -0.336204   0.00644239
-0.312393   -0.497899   0.0027285
-0.150108   0.499036   -0.192123
0.00947044   -0.335909   -0.156137
-0.166324   -0.345566   -0.0262815
-0.013975   -0.488339   -0.00309613
0.161047   0.481074   -0.146771
0.322082   -0.334503   -0.165015
0.152666   -0.342385   0.0183273
0.347296   0.494187   0.00211827
0.498484   -0.172007   -0.15771
-0.318293   0.0045628   -0.178748
0.481808   -0.00323263   -0.00653506
-0.329886   -0.170377   -0.0104208
-0.148177   -0.16925   -0.162629
-0.00797932   0.00921241   -0.175046
-0.154141   -0.0170513   -0.00482675
0.00601267   -0.172038   0.00746294
0.15564   -0.158963   -0.160901
0.329441   0.00870437   -0.17807
0.167764   0.000214642   0.010376
0.324523   -0.187056   -0.00359121
-0.489681   0.161793   -0.169864
-0.333884   0.337904   -0.156792
-0.49803   0.310781   0.0140523
-0.32313   0.154016   -0.00255838
-0.18268   0.172101   -0.158379
-0.00188572   0.334651   -0.163096
-0.161241   0.350958   -0.0220575
-0.0136566   0.165617   0.00629293
0.169736   0.169599   -0.143453
0.333378   0.345259   -0.157445
0.159306   0.331238   0.0130448
0.340234   0.16271   0.00950241
-0.474993   -0.490463   0.162963
-0.293191   -0.344115   0.180995
0.477084   -0.346937   0.334068
-0.320884   0.496388   0.332308
-0.15382   0.477563   0.164088
-0.00388458   -0.324802   0.188033
-0.146541   -0.366341   0.34154
0.00571869   0.474486   0.361245
0.165532   0.479153   0.183473
0.331295   -0.350602   0.155091
0.159381   -0.350613   0.340459
0.351023   0.473093   0.318874
-0.474009   -0.195049   0.171646
-0.335372   -0.0168811   0.154709
0.495354   -0.0464235   0.336594
-0.318991   -0.193221   0.350538
-0.149487   -0.170986   0.195004
0.00254245   -0.020798   0.200011
-0.173919   -0.0158014   0.342996
0.00941461   -0.173822   0.36001
0.17741   -0.168875   0.162658
0.347487   -0.0355125   0.168269
0.179153   0.0193336   0.354853
0.319782   -0.180357   0.325567
-0.471134   0.157902   0.19128
-0.318038   0.319927   0.162457
-0.481759   0.330285   0.344309
-0.301384   0.169823   0.333239
-0.149938   0.137669   0.170786
0.00214209   0.318224   0.177163
-0.151677   0.338204   0.342426
0.00177388   0.158098   0.348637
0.161643   0.159425   0.160827
0.357658   0.318569   0.163234
0.171251   0.321264   0.328317
0.347086   0.187088   0.347581
