0.793369
0.770593
0.732333
0.67984
0.615055
0.541061
0.462223
0.384062
0.312725
0.254048
0.212409
0.189786
0.185419
0.196234
0.217812
0.24541
0.274818
0.302789
0.327185
0.346907
0.361647
0.371701
0.377699
0.380466
0.380888
0.379812
0.378018
0.376218
0.375082
0.375276
0.377392
0.381877
0.388916
0.398345
0.409647
0.42198
0.434438
0.446161
0.45648
0.464996
0.471515
0.476028
0.478526
0.478894
0.476948
0.472418
0.465114
0.454977
0.442236
0.427418
0.411313
0.394947
0.379488
0.366057
0.355704
0.349236
0.34717
0.349678
0.35657
0.367245
0.380739
0.395886
0.411461
0.42637
0.439694
0.450859
0.459566
0.465784
0.469633
0.471291
0.470908
0.468627
0.46454
0.458739
0.451409
0.442782
0.433226
0.423191
0.413196
0.403776
0.395496
0.388867
0.384265
0.381897
0.381731
0.383499
0.386752
0.3909
0.395322
0.399399
0.4026
0.404484
0.404692
0.40295
0.399107
0.393158
0.385224
0.375592
0.364749
0.353339
0.342271
0.332642
0.325718
0.322762
0.324797
0.332365
0.345461
0.363481
0.385327
0.409573
0.434626
0.458891
0.48084
0.499161
0.512778
0.520877
0.523037
0.519196
0.509772
0.495599
0.477807
0.457822
0.437118
0.417035
0.398658
0.382786
0.36994
0.36048
0.354619
0.352434
0.353799
0.358318
0.365378
0.374246
0.384152
0.394367
0.404333
0.413619
0.421941
0.42902
0.434574
0.438343
0.440159
0.439992
0.437992
0.434427
0.42976
0.424574
0.419541
0.415369
0.412662
0.411768
0.41272
0.415139
0.418373
0.421554
0.423801
0.42429
0.422401
0.417793
0.410448
0.400684
0.389166
0.376879
0.364977
0.354627
0.34685
0.3424
0.341699
0.344817
0.35152
0.361362
0.37372
0.387837
0.402844
0.417843
0.431981
0.444516
0.454862
0.462625
0.467587
0.469604
0.468625
0.464702
0.457933
0.448581
0.437075
0.424083
0.410455
0.397148
0.385024
0.37476
0.366727
0.361091
0.35789
0.357256
0.359424
0.364631
0.372953
0.384036
0.397033
0.410705
0.423659
0.434601
0.442602
0.447198
0.448424
0.44672
0.442787
0.437506
0.431767
0.426295
0.421608
0.417993
0.415523
0.414081
0.413374
0.413048
0.412729
0.412052
0.410687
0.408449
0.405352
0.401648
0.397823
0.394511
0.392329
0.391813
0.393221
0.396456
0.401117
0.406566
0.412041
0.416827
0.420327
0.422181
0.42231
0.420906
0.418344
0.415098
0.411687
0.408525
0.40594
0.403957
0.402467
0.401214
0.399885
0.39821
0.396038
0.393446
0.39066
0.388021
0.385843
0.384437
0.383977
0.384568
0.386241
0.389007
0.39295
0.398114
0.40449
0.411859
0.419809
0.427686
0.434679
0.439987
0.44305
0.443657
0.442066
0.438943
0.435187
0.431699
0.429196
0.428035
0.428121
0.429001
0.429965
0.430256
0.429275
0.426655
0.42236
0.416688
0.410155
0.403428
0.397243
0.392187
0.388692
0.386926
0.386829
0.388117
0.390383
0.39316
0.396028
0.398598
0.400632
0.402023
0.40271
0.402737
0.402229
0.4014
0.400463
0.399588
0.398812
0.398112
0.397487
0.397074
0.397151
0.398017
0.399859
0.402667
0.406238
0.41031
0.414646
0.419033
0.423296
0.427284
0.430878
0.433952
0.436468
0.438421
0.43979
0.4406
0.440841
0.440435
0.439265
0.437196
0.43411
0.429978
0.42489
0.419019
0.41261
0.405923
0.399202
0.392718
0.386796
0.381817
0.378163
0.37605
0.37543
0.376032
0.377463
0.379355
0.381447
0.383667
0.386076
0.388786
0.391849
0.395212
0.398781
0.402437
0.406049
0.409523
0.412869
0.416141
0.419406
0.422723
0.42614
0.429653
0.433167
0.436509
0.439413
0.441537
0.442518
0.442091
0.440076
0.436393
0.431061
0.424217
0.416141
0.407259
0.398127
0.38944
0.381925
0.376303
0.373117
0.372704
0.375065
0.37992
0.386751
0.394915
0.403701
0.412371
0.420279
0.426946
0.432112
0.435707
0.437914
0.43898
0.439177
0.438604
0.437259
0.435143
0.432266
0.428812
0.425128
0.421588
0.418479
0.415918
0.413896
0.412255
0.410828
0.409431
0.407894
0.406126
0.404066
0.401672
0.398937
0.395899
0.392599
0.38912
0.385632
0.382351
0.379503
0.37732
0.375993
0.375594
0.376197
0.37783
0.380491
0.384095
0.388487
0.39349
0.398963
0.404806
0.411027
0.417701
0.424859
0.43244
0.440211
0.447735
0.45442
0.459574
0.462496
0.462598
0.459474
0.452975
0.443327
0.431067
0.417094
0.402603
0.389006
0.377713
0.369898
0.366298
0.367066
0.371786
0.379603
0.389421
0.400099
0.410608
0.420071
0.427881
0.433603
0.436973
0.437865
0.436311
0.432532
0.426932
0.420117
0.412834
0.405861
0.399862
0.395329
0.392505
0.391457
0.392126
0.394359
0.397927
0.402478
0.407567
0.412604
0.417029
0.420428
0.422651
0.42379
0.424084
0.423825
0.423243
0.422459
0.421404
0.419912
0.417713
0.414569
0.410323
0.40496
0.398594
0.39156
0.38442
0.378034
0.373409
0.371545
0.37321
0.378622
0.387354
0.398414
0.410492
0.422253
0.432507
0.440382
0.445356
0.447223
0.446094
0.44239
0.436747
0.4299
0.422562
0.415359
0.408837
0.403402
0.399379
0.397001
0.396377
0.397464
0.400031
0.403649
0.407685
0.411495
0.414471
0.416176
0.416421
0.415283
0.413056
0.410159
0.407049
0.404158
0.401826
0.400321
0.399826
0.400329
0.401725
0.403788
0.406158
0.408429
0.41017
0.41102
0.410763
0.409391
0.407057
0.404087
0.400859
0.397754
0.395109
0.39323
0.3924
0.39283
0.394655
0.397825
0.402056
0.406877
0.411696
0.415969
0.419338
0.421608
0.422764
0.422857
0.421897
0.419843
0.416601
0.412116
0.406443
0.399855
0.392856
0.386148
0.380486
0.376541
0.374712
0.375136
0.377657
0.381951
0.387591
0.394065
0.40085
0.407451
0.413444
0.418548
0.422618
0.425684
0.427894
0.429481
0.430725
0.431838
0.43292
0.433864
0.434461
0.434379
0.433305
0.431031
0.427588
0.4233
0.418721
0.414515
0.411291
0.409448
0.409107
0.410067
0.411854
0.41393
0.4158
0.417161
0.417919
0.418116
0.417857
0.417224
0.416206
0.414676
0.412476
0.40946
0.405571
0.400899
0.395682
0.390279
0.385177
0.380954
0.378256
0.377652
0.379601
0.384362
0.391865
0.401653
0.412879
0.424374
0.434854
0.443129
0.448267
0.449755
0.447524
0.441931
0.433595
0.423287
0.411811
0.399923
0.388258
0.377411
0.368017
0.360756
0.356283
0.355173
0.357789
0.364146
0.373831
0.386033
0.399595
0.413247
0.425764
0.436152
0.443804
0.448515
0.450518
0.450281
0.448425
0.445572
0.442219
0.438657
0.434992
0.431146
0.426854
0.421801
0.415702
0.408361
0.399815
0.390447
0.381063
0.372874
0.367299
0.365654
0.36876
0.376635
0.388437
0.402699
0.417681
0.431797
0.443828
0.452992
0.458954
0.461717
0.461457
0.458401
0.452849
0.445131
0.435661
0.424984
0.413732
0.402565
0.392119
0.382903
0.375318
0.369616
0.365919
0.364235
0.364508
0.366608
0.370361
0.375565
0.381916
0.389057
0.396531
0.40384
0.410347
0.415449
0.418684
0.419943
0.419518
0.41811
0.416631
0.415893
0.416277
0.41764
0.419477
0.421203
0.422396
0.422926
0.422858
0.422444
0.42194
0.421619
0.421686
0.422246
0.423262
0.424482
0.425511
0.425871
0.425085
0.422814
0.419002
0.413906
0.408042
0.402079
0.396679
0.392374
0.38948
0.388054
0.387952
0.388882
0.390499
0.392495
0.394685
0.396999
0.399433
0.402049
0.404946
0.408148
0.411616
0.41516
0.418479
0.421216
0.423031
0.423594
0.422736
0.420424
0.416838
0.41235
0.407466
0.40277
0.398836
0.396105
0.394851
0.395116
0.396734
0.399398
0.402726
0.406345
0.410032
0.413661
0.417123
0.420358
0.423211
0.425499
0.427012
0.427551
0.426893
0.424917
0.421567
0.416889
0.411049
0.404383
0.39742
0.390893
0.385495
0.381784
0.380023
0.380192
0.38204
0.38523
0.389394
0.394211
0.399414
0.404777
0.410107
0.415259
0.420117
0.424527
0.428307
0.431155
0.432771
0.43282
0.431137
0.427786
0.423124
0.417633
0.411883
0.406357
0.401423
0.397445
0.394748
0.393646
0.394354
0.396843
0.400832
0.405832
0.411224
0.41641
0.420878
0.424248
0.426285
0.426925
0.426211
0.424324
0.421565
0.418242
0.414635
0.410946
0.407299
0.403785
0.400586
0.397902
0.395955
0.394877
0.394671
0.395209
0.396256
0.397547
0.39887
0.400066
0.401125
0.402123
0.403269
0.404763
0.406718
0.409096
0.411677
0.414071
0.415878
0.416787
0.416635
0.415428
0.413308
0.410427
0.407012
0.403307
0.39971
0.396681
0.394666
0.393998
0.394789
0.396963
0.40034
0.4047
0.409819
0.415448
0.421341
0.42721
0.432682
0.437394
0.441056
0.443475
0.444564
0.444368
0.443004
0.440728
0.437867
0.434818
0.431993
0.429738
0.428294
0.42771
0.427796
0.428114
0.428018
0.426862
0.424152
0.419672
0.413479
0.405953
0.397702
0.38941
0.381729
0.375231
0.370324
0.367276
0.366208
0.367113
0.369808
0.373964
0.379126
0.384792
0.390479
0.395771
0.400324
0.403837
0.406065
0.406875
0.406292
0.40456
0.402153
0.39974
0.39813
0.398093
0.400212
0.404761
0.411577
0.420148
0.429709
0.439389
0.448345
0.455852
0.461253
0.464051
0.463918
0.460712
0.454512
0.445605
0.434537
0.422109
0.409304
0.39722
0.386912
0.37922
0.374669
0.37338
0.375083
0.379146
0.384749
0.39098
0.397023
0.402281
0.40645
0.40944
0.411426
0.412714
0.413667
0.414602
0.41575
0.417207
0.418942
0.42082
0.422578
0.42385
0.424296
0.423715
0.422155
0.419906
0.417406
0.415154
0.413521
0.412684
0.412573
0.412893
0.413215
0.413056
0.411976
0.409611
0.405704
0.400136
0.392985
0.384524
0.375334
0.366275
0.358419
0.352875
0.350631
0.352361
0.358304
0.368249
0.381592
0.397403
0.414497
0.431575
0.447317
0.460474
0.470042
0.475343
0.476045
0.472212
0.464265
0.452962
0.439299
0.424407
0.409468
0.395579
0.383649
0.374305
0.367779
0.363965
0.362545
0.363201
0.365722
0.370047
0.376129
0.383876
0.393044
0.809344
0.809887
0.801223
0.78422
0.760268
0.731156
0.698979
0.665965
0.634405
0.606444
0.583893
0.568142
0.559861
0.558726
0.563372
0.571651
0.581171
0.58992
0.596729
0.601229
0.603662
0.604642
0.604835
0.604834
0.605047
0.605601
0.606373
0.607016
0.60725
0.606995
0.606373
0.605578
0.604657
0.603493
0.601899
0.599761
0.597193
0.594493
0.592075
0.590413
0.59008
0.591691
0.595739
0.602335
0.61101
0.620722
0.630005
0.637368
0.641585
0.641953
0.638429
0.631518
0.622227
0.611878
0.602004
0.594061
0.589149
0.587691
0.589318
0.59293
0.597105
0.600511
0.602228
0.601988
0.600185
0.597792
0.596004
0.595944
0.598435
0.603881
0.612319
0.623397
0.636585
0.651026
0.665756
0.679772
0.692123
0.701962
0.708495
0.711144
0.709636
0.704181
0.695615
0.685187
0.674363
0.664463
0.656343
0.65038
0.646611
0.644751
0.64423
0.644331
0.644318
0.643563
0.641621
0.63823
0.633262
0.626612
0.618147
0.6078
0.595762
0.582691
0.5698
0.558563
0.550234
0.545373
0.543568
0.543753
0.544763
0.545781
0.546607
0.547551
0.549195
0.55213
0.556804
0.563472
0.572348
0.583667
0.597557
0.61375
0.631468
0.649543
0.666716
0.681764
0.693679
0.701719
0.705459
0.704974
0.700872
0.694198
0.686079
0.67752
0.669251
0.661624
0.65472
0.648312
0.64198
0.635368
0.628393
0.621396
0.615052
0.610185
0.607402
0.606846
0.608174
0.610679
0.613509
0.615975
0.617579
0.618141
0.617759
0.616698
0.615358
0.614181
0.613677
0.61442
0.61696
0.621659
0.62851
0.637095
0.646694
0.656353
0.665086
0.671983
0.676178
0.676834
0.673106
0.664365
0.650457
0.631972
0.610145
0.586723
0.563659
0.542985
0.526573
0.515928
0.511957
0.514841
0.523987
0.538172
0.555863
0.575406
0.595192
0.613796
0.630022
0.643002
0.652346
0.658169
0.661078
0.661977
0.661688
0.660765
0.659317
0.657224
0.654477
0.651407
0.648681
0.647168
0.647595
0.650237
0.654737
0.660149
0.665275
0.668854
0.669737
0.667006
0.660093
0.648991
0.634324
0.617318
0.599876
0.584116
0.572094
0.565364
0.564743
0.570182
0.58075
0.594838
0.610429
0.62541
0.63795
0.646758
0.651173
0.65114
0.647096
0.639773
0.630121
0.619287
0.608495
0.598957
0.591514
0.586546
0.584012
0.583667
0.585215
0.588386
0.592899
0.598526
0.605182
0.612783
0.621183
0.629915
0.638121
0.644618
0.648232
0.648127
0.644079
0.636495
0.626373
0.615033
0.603815
0.594016
0.586853
0.583281
0.583943
0.588979
0.597802
0.609007
0.620623
0.63051
0.636861
0.638579
0.635447
0.628071
0.617563
0.605248
0.592484
0.580541
0.570599
0.563689
0.560636
0.561856
0.567252
0.5763
0.588049
0.601382
0.615258
0.628848
0.641628
0.653257
0.663544
0.672385
0.679768
0.685748
0.690347
0.693399
0.694548
0.693291
0.689164
0.682029
0.672276
0.660959
0.649411
0.639026
0.630857
0.625506
0.623111
0.623383
0.625618
0.628736
0.631502
0.632879
0.632181
0.629174
0.624066
0.617332
0.609538
0.601329
0.593329
0.586172
0.580485
0.576763
0.575247
0.575925
0.57857
0.582828
0.588231
0.594334
0.600733
0.607072
0.613002
0.61825
0.622543
0.625568
0.627073
0.626925
0.6251
0.621699
0.61693
0.611037
0.604371
0.597357
0.590533
0.584499
0.579831
0.577013
0.576411
0.578201
0.582472
0.589185
0.598204
0.609213
0.621751
0.635208
0.648947
0.662237
0.674143
0.683655
0.689769
0.691739
0.689298
0.682788
0.67308
0.661412
0.649243
0.63807
0.629191
0.623541
0.62159
0.623214
0.62776
0.63434
0.642095
0.650288
0.658244
0.66517
0.670014
0.67149
0.668277
0.659432
0.644808
0.625346
0.60305
0.580637
0.56091
0.546153
0.537619
0.535441
0.538863
0.546563
0.557078
0.568974
0.580944
0.591815
0.600616
0.606705
0.60994
0.610913
0.610848
0.611263
0.613443
0.617894
0.62433
0.631904
0.639595
0.646397
0.65146
0.654256
0.654723
0.653276
0.650883
0.648845
0.648547
0.651075
0.656804
0.665157
0.674681
0.683439
0.689733
0.692429
0.691131
0.685989
0.677455
0.665977
0.652029
0.636159
0.619168
0.602245
0.586794
0.574178
0.565428
0.561154
0.561489
0.56615
0.574513
0.58562
0.598149
0.610558
0.621305
0.629128
0.63332
0.633893
0.631601
0.627679
0.623481
0.620049
0.617861
0.616761
0.61607
0.61487
0.612263
0.60764
0.600778
0.591945
0.581889
0.57177
0.562936
0.556644
0.553814
0.554813
0.55944
0.56708
0.576912
0.588123
0.599927
0.611589
0.622354
0.631464
0.638283
0.642489
0.644153
0.643776
0.642126
0.639953
0.637837
0.636015
0.634349
0.632583
0.630481
0.627934
0.625013
0.622113
0.619848
0.618923
0.619875
0.622997
0.628139
0.634654
0.641355
0.646733
0.64936
0.648209
0.643062
0.634615
0.62426
0.61382
0.604982
0.598681
0.594942
0.593148
0.59249
0.592448
0.593018
0.594665
0.597932
0.603223
0.610566
0.619535
0.629347
0.639008
0.647554
0.654227
0.658547
0.660277
0.659348
0.655736
0.64947
0.640715
0.629801
0.617395
0.604525
0.592635
0.583379
0.578281
0.578131
0.582575
0.590337
0.599742
0.609365
0.61824
0.625809
0.631588
0.63503
0.635559
0.632731
0.62646
0.6171
0.605615
0.593488
0.582542
0.574654
0.571246
0.572955
0.579461
0.58968
0.602118
0.615325
0.628217
0.64022
0.651146
0.661024
0.669742
0.676784
0.681281
0.682114
0.67843
0.67003
0.65763
0.642764
0.627543
0.614141
0.604163
0.598344
0.596472
0.597699
0.600984
0.605464
0.610656
0.616398
0.622721
0.629624
0.636975
0.644507
0.651877
0.658725
0.664611
0.669003
0.671276
0.67089
0.667577
0.661334
0.652397
0.641224
0.628466
0.614995
0.601764
0.589676
0.57941
0.571454
0.56591
0.562712
0.561637
0.562423
0.5648
0.56856
0.573425
0.579141
0.58547
0.59229
0.599661
0.60777
0.616756
0.626452
0.636348
0.645664
0.653608
0.659548
0.663163
0.664562
0.664095
0.662388
0.660202
0.658234
0.656941
0.656382
0.656185
0.655692
0.654249
0.651459
0.647189
0.64153
0.634632
0.626706
0.618197
0.609864
0.602665
0.597523
0.594986
0.595074
0.597302
0.600923
0.605168
0.609398
0.61321
0.616416
0.618974
0.621006
0.622699
0.62428
0.626067
0.628454
0.631833
0.63629
0.641472
0.646521
0.65047
0.652601
0.652727
0.651128
0.648312
0.644691
0.64034
0.634934
0.628015
0.619145
0.608339
0.596169
0.583813
0.572795
0.564608
0.560476
0.561149
0.566743
0.576717
0.589929
0.604803
0.619604
0.632703
0.642762
0.648935
0.650898
0.648896
0.643652
0.636241
0.627972
0.620086
0.613675
0.609467
0.607676
0.608119
0.610311
0.613717
0.617843
0.622258
0.626706
0.63108
0.635338
0.639567
0.643841
0.648225
0.652648
0.656888
0.660541
0.663157
0.664327
0.663799
0.661492
0.657427
0.651491
0.643345
0.632572
0.619028
0.603258
0.586735
0.571974
0.561989
0.559086
0.563635
0.57376
0.586481
0.599127
0.610042
0.618553
0.624664
0.628621
0.630614
0.630796
0.629181
0.625724
0.620436
0.613415
0.605059
0.59617
0.588053
0.582358
0.580672
0.583913
0.592105
0.604353
0.618983
0.633967
0.647335
0.657624
0.664129
0.666979
0.666967
0.665221
0.66285
0.660642
0.658992
0.657867
0.65692
0.655697
0.653844
0.651128
0.647494
0.642973
0.637609
0.631436
0.624427
0.61657
0.608
0.598989
0.590116
0.582249
0.576429
0.573686
0.574612
0.578996
0.58589
0.593755
0.601104
0.606776
0.610253
0.611593
0.611296
0.610233
0.609351
0.609472
0.611028
0.613941
0.61772
0.621808
0.625845
0.629756
0.633511
0.637001
0.640055
0.64269
0.645277
0.64855
0.653217
0.659582
0.667262
0.675219
0.682024
0.6863
0.68702
0.683526
0.675588
0.663487
0.648092
0.630909
0.613932
0.599112
0.587995
0.581282
0.578754
0.579522
0.582603
0.587368
0.593772
0.602079
0.612331
0.623882
0.635296
0.644801
0.650819
0.652398
0.649457
0.642735
0.633599
0.623842
0.615272
0.609469
0.607302
0.608679
0.612606
0.617566
0.622163
0.625604
0.628003
0.630097
0.632588
0.635684
0.639083
0.642139
0.644246
0.644861
0.643567
0.640015
0.63389
0.625047
0.613616
0.600224
0.58601
0.572613
0.562019
0.556087
0.556199
0.562928
0.575878
0.593784
0.614654
0.635984
0.655295
0.670479
0.6802
0.684039
0.682408
0.676304
0.667049
0.656059
0.644716
0.63406
0.624584
0.616161
0.608212
0.599949
0.590843
0.580857
0.570433
0.560406
0.551911
0.546192
0.544256
0.54659
0.553077
0.563141
0.576004
0.5908
0.606426
0.621504
0.634445
0.64368
0.648199
0.6478
0.643219
0.636015
0.628144
0.621546
0.617637
0.61712
0.619903
0.625386
0.63266
0.640717
0.648538
0.655238
0.660195
0.663169
0.664244
0.663756
0.662176
0.659952
0.657441
0.654728
0.651619
0.647741
0.642686
0.636156
0.628157
0.619103
0.609701
0.600824
0.593203
0.587343
0.583423
0.581421
0.581194
0.582647
0.585713
0.590355
0.596535
0.604154
0.613049
0.622971
0.633472
0.643877
0.653231
0.660307
0.663863
0.663056
0.657614
0.648008
0.635439
0.621592
0.608304
0.597209
0.589452
0.58548
0.585112
0.587693
0.592255
0.597826
0.603562
0.608992
0.61409
0.619239
0.62506
0.632179
0.640899
0.650964
0.661418
0.670708
0.677096
0.679151
0.676208
0.668625
0.657703
0.645312
0.633315
0.62322
0.615925
0.611661
0.610161
0.61067
0.61216
0.613401
0.613282
0.61103
0.606371
0.599541
0.591258
0.582524
0.57444
0.56796
0.563803
0.562303
0.563467
0.566952
0.572183
0.578643
0.586059
0.594542
0.604447
0.61599
0.628901
0.642485
0.655863
0.668276
0.679151
0.68808
0.694734
0.69869
0.699457
0.696641
0.690105
0.680097
0.667247
0.652538
0.637133
0.622106
0.608151
0.595441
0.58387
0.573422
0.564517
0.557931
0.554435
0.554443
0.557953
0.564578
0.573713
0.584658
0.596665
0.608919
0.620559
0.630813
0.639143
0.804579
0.803501
0.797052
0.786254
0.772328
0.756496
0.739981
0.723908
0.709413
0.697505
0.688919
0.683827
0.681698
0.681439
0.681592
0.680757
0.677983
0.673011
0.66626
0.658616
0.651097
0.644702
0.640301
0.638476
0.639447
0.642977
0.64847
0.655242
0.662684
0.67033
0.677813
0.684735
0.69058
0.694628
0.696135
0.694605
0.690149
0.683767
0.677146
0.672494
0.671961
0.677043
0.688124
0.704369
0.723907
0.744393
0.76367
0.780291
0.793438
0.802723
0.8077
0.807748
0.802264
0.791157
0.775088
0.755324
0.733414
0.71072
0.688363
0.667531
0.649881
0.637579
0.632573
0.635507
0.645292
0.659625
0.676045
0.692646
0.708116
0.721403
0.73143
0.737105
0.737593
0.732578
0.722559
0.708647
0.692377
0.67549
0.659739
0.646926
0.638701
0.636138
0.639353
0.64743
0.658738
0.671535
0.684366
0.69622
0.706467
0.714742
0.720807
0.724504
0.725741
0.724593
0.721349
0.716534
0.710844
0.704927
0.699215
0.693937
0.689124
0.684872
0.681646
0.68034
0.682134
0.68796
0.698017
0.711505
0.726715
0.741552
0.754151
0.763189
0.768083
0.768919
0.766208
0.76092
0.754295
0.747576
0.741805
0.737572
0.735005
0.733679
0.732857
0.731626
0.729007
0.724141
0.716474
0.705824
0.69262
0.677771
0.662619
0.648754
0.637756
0.631024
0.629736
0.634433
0.644907
0.660123
0.678451
0.698004
0.716949
0.733689
0.746951
0.755856
0.759937
0.759152
0.753787
0.744405
0.731827
0.717099
0.701497
0.686553
0.674013
0.665416
0.661786
0.663247
0.668986
0.677536
0.687245
0.69665
0.704782
0.711156
0.715476
0.717401
0.716424
0.712095
0.704342
0.693887
0.682342
0.671967
0.665081
0.663408
0.667654
0.677426
0.69151
0.708284
0.72585
0.742345
0.75619
0.766147
0.771377
0.771489
0.766634
0.757328
0.744605
0.729907
0.714944
0.701439
0.69086
0.684041
0.680914
0.680606
0.681719
0.682782
0.68275
0.6814
0.679315
0.677799
0.678325
0.682081
0.689503
0.70009
0.71257
0.725168
0.736252
0.744664
0.749926
0.752191
0.752166
0.750709
0.748621
0.746209
0.743389
0.739731
0.734761
0.728041
0.719245
0.708076
0.694418
0.678794
0.662789
0.648956
0.640252
0.638646
0.644164
0.654964
0.668235
0.681477
0.693145
0.702742
0.710436
0.716417
0.720544
0.722381
0.721488
0.717782
0.711719
0.70426
0.696569
0.689782
0.684878
0.682679
0.683731
0.688194
0.695798
0.705856
0.71725
0.728596
0.738293
0.744722
0.746569
0.743041
0.734373
0.722024
0.708598
0.697249
0.690695
0.690371
0.695944
0.70573
0.717311
0.728156
0.736216
0.740127
0.739349
0.73429
0.726201
0.716816
0.707883
0.700578
0.695207
0.691263
0.68758
0.682913
0.676476
0.668194
0.658861
0.649963
0.643241
0.640318
0.642372
0.649931
0.66277
0.679853
0.699289
0.718626
0.735284
0.747094
0.752692
0.751851
0.745487
0.7353
0.723448
0.712071
0.702838
0.696659
0.693626
0.693204
0.694505
0.696718
0.699353
0.702193
0.705344
0.709095
0.713794
0.719669
0.726611
0.734085
0.741172
0.74679
0.749926
0.74982
0.746174
0.739127
0.729288
0.717668
0.705643
0.694766
0.686417
0.681334
0.679375
0.679658
0.681061
0.682706
0.684227
0.685774
0.687804
0.690817
0.695168
0.700958
0.708063
0.716066
0.724227
0.731567
0.736942
0.739338
0.738148
0.733316
0.725402
0.715433
0.704615
0.694003
0.684235
0.675728
0.668995
0.66493
0.664653
0.668952
0.677602
0.689151
0.70128
0.711794
0.719331
0.723727
0.725778
0.726667
0.727409
0.728445
0.729548
0.730033
0.729019
0.725756
0.719743
0.710871
0.699626
0.686934
0.674129
0.662804
0.654472
0.650215
0.650406
0.654736
0.662462
0.672547
0.683815
0.695097
0.705345
0.713982
0.72105
0.727196
0.733362
0.740354
0.748469
0.757215
0.765468
0.771981
0.775922
0.77704
0.775518
0.77196
0.767081
0.761509
0.755565
0.749186
0.741995
0.733904
0.725456
0.717833
0.712101
0.708509
0.706483
0.705095
0.70355
0.701309
0.698028
0.693514
0.687644
0.680485
0.672254
0.663282
0.654053
0.645152
0.637283
0.631271
0.628068
0.628508
0.633112
0.641915
0.654641
0.670864
0.68994
0.710927
0.732505
0.753056
0.770869
0.784403
0.792243
0.7933
0.786976
0.773553
0.754407
0.732105
0.709826
0.69058
0.676355
0.667908
0.665089
0.667431
0.67438
0.685044
0.697809
0.710361
0.720147
0.725188
0.724727
0.719482
0.711335
0.702714
0.695804
0.692065
0.692059
0.69547
0.701402
0.708589
0.715611
0.721277
0.724921
0.726578
0.727163
0.728003
0.730289
0.73437
0.739629
0.744716
0.74821
0.749008
0.746694
0.741361
0.733549
0.724173
0.714334
0.705056
0.697227
0.691426
0.687919
0.686601
0.687037
0.688534
0.690296
0.691729
0.692541
0.692763
0.692536
0.691837
0.690545
0.688575
0.686095
0.68333
0.680313
0.676927
0.673159
0.669422
0.666489
0.665183
0.666031
0.669105
0.674046
0.680321
0.687463
0.69516
0.703172
0.711353
0.71951
0.727487
0.735005
0.741736
0.747245
0.751064
0.752813
0.752322
0.749615
0.744854
0.738327
0.730409
0.721363
0.711485
0.701106
0.690707
0.681037
0.673097
0.66787
0.66608
0.667954
0.673198
0.681039
0.690506
0.700481
0.70977
0.717094
0.721183
0.720957
0.715893
0.706304
0.693553
0.680067
0.668878
0.662914
0.664173
0.673156
0.688682
0.70823
0.728648
0.746802
0.760193
0.767197
0.767211
0.760625
0.748706
0.733518
0.717572
0.703294
0.692446
0.685709
0.682787
0.682767
0.684627
0.687404
0.690311
0.692832
0.694683
0.695817
0.696435
0.696742
0.696912
0.696919
0.696518
0.695191
0.692353
0.687629
0.68124
0.674345
0.668949
0.667255
0.670898
0.680501
0.695496
0.714417
0.735321
0.756013
0.774459
0.788975
0.798375
0.801986
0.799676
0.791664
0.778721
0.762047
0.743189
0.723807
0.705596
0.690063
0.678409
0.671421
0.669328
0.671717
0.677647
0.685685
0.694226
0.701709
0.706916
0.709173
0.708401
0.705039
0.699826
0.69358
0.687142
0.681248
0.676504
0.673364
0.672163
0.673224
0.676786
0.682746
0.690542
0.698937
0.706409
0.711666
0.71411
0.713992
0.712109
0.709476
0.706884
0.704877
0.703711
0.703432
0.704031
0.705377
0.70712
0.708697
0.709406
0.70867
0.706118
0.701779
0.696031
0.689476
0.68277
0.676478
0.670902
0.666144
0.662197
0.659199
0.657627
0.658166
0.661373
0.667362
0.675664
0.685387
0.695472
0.705007
0.713347
0.720049
0.724872
0.727637
0.728116
0.726022
0.721027
0.712947
0.702169
0.689959
0.67876
0.671824
0.672244
0.681684
0.699647
0.723522
0.749511
0.773584
0.792328
0.803332
0.805502
0.799025
0.785409
0.767178
0.747456
0.729293
0.71498
0.705745
0.701781
0.702586
0.707303
0.714812
0.72378
0.732767
0.74017
0.744582
0.745001
0.741133
0.733429
0.722971
0.711164
0.699383
0.688631
0.679406
0.671748
0.665286
0.659531
0.654118
0.649115
0.645025
0.642608
0.642489
0.644809
0.649268
0.655266
0.662317
0.670102
0.678466
0.687309
0.696453
0.705695
0.714797
0.723455
0.731274
0.737862
0.74307
0.747101
0.750532
0.753972
0.757705
0.761386
0.763996
0.764129
0.760608
0.752948
0.74162
0.727999
0.713835
0.700686
0.689479
0.680713
0.674664
0.67162
0.671759
0.674794
0.679714
0.684898
0.688849
0.690843
0.691286
0.691604
0.693491
0.698085
0.705362
0.714193
0.72283
0.72971
0.73392
0.735299
0.734216
0.731273
0.727153
0.722395
0.717308
0.711904
0.706073
0.699936
0.693932
0.688809
0.685452
0.684482
0.686029
0.689572
0.69416
0.698774
0.702619
0.705258
0.706502
0.706384
0.705139
0.703025
0.700391
0.697588
0.69497
0.692871
0.691435
0.690767
0.690929
0.692059
0.69448
0.698504
0.704243
0.711409
0.719198
0.726391
0.731527
0.733299
0.730832
0.723964
0.713373
0.70058
0.6876
0.676388
0.66825
0.663495
0.661461
0.660926
0.660739
0.66033
0.659784
0.659767
0.661256
0.665263
0.672514
0.683117
0.696548
0.711681
0.726938
0.740566
0.751158
0.757854
0.760344
0.758766
0.753675
0.745911
0.736418
0.72627
0.716544
0.708114
0.701523
0.696858
0.693778
0.69171
0.690067
0.68864
0.6878
0.688479
0.691812
0.698595
0.708794
0.721425
0.734957
0.747832
0.75881
0.767118
0.772291
0.774171
0.772794
0.768339
0.760969
0.750866
0.738326
0.723837
0.70824
0.692646
0.678252
0.666194
0.657299
0.651996
0.650235
0.651439
0.654681
0.658823
0.662857
0.666291
0.669325
0.672705
0.677132
0.682897
0.689665
0.696664
0.703192
0.708828
0.713592
0.717828
0.721899
0.725999
0.730048
0.733737
0.736637
0.738446
0.73904
0.73844
0.736649
0.733655
0.729358
0.723822
0.717325
0.710389
0.703618
0.697446
0.691882
0.686598
0.681113
0.675195
0.669152
0.663817
0.660284
0.659467
0.661624
0.66637
0.672924
0.680405
0.688099
0.695455
0.702014
0.707238
0.710533
0.711544
0.710479
0.70839
0.706775
0.707023
0.709824
0.714943
0.721443
0.728213
0.734416
0.73966
0.743889
0.747144
0.749338
0.750115
0.748805
0.744727
0.737538
0.72754
0.715756
0.703705
0.692923
0.684466
0.678788
0.67589
0.675575
0.677757
0.682434
0.689378
0.697877
0.706806
0.71489
0.721001
0.724407
0.724868
0.722473
0.717664
0.711208
0.704035
0.697122
0.691372
0.687375
0.685404
0.68537
0.686746
0.688765
0.690647
0.69183
0.692126
0.691846
0.691638
0.692148
0.693836
0.696814
0.700891
0.705761
0.711031
0.716303
0.721119
0.724899
0.726937
0.726534
0.723025
0.716044
0.705685
0.69257
0.677935
0.663549
0.651529
0.644004
0.642562
0.647799
0.659129
0.674846
0.692606
0.709938
0.724841
0.736016
0.742776
0.744855
0.742246
0.735149
0.723997
0.709565
0.693048
0.676017
0.660303
0.647832
0.640387
0.639137
0.644147
0.654408
0.668616
0.68567
0.704759
0.724559
0.743018
0.757922
0.767826
0.772407
0.772222
0.768154
0.761063
0.790183
0.777488
0.763215
0.748472
0.734411
0.721837
0.710944
0.701324
0.692249
0.683081
0.673923
0.665778
0.660045
0.657641
0.658689
0.662572
0.668482
0.675846
0.684549
0.694727
0.706375
0.718944
0.731372
0.742346
0.750876
0.756626
0.759987
0.761889
0.763387
0.765195
0.767443
0.769646
0.771034
0.771176
0.770259
0.768916
0.767699
0.76688
0.766451
0.76645
0.767055
0.768437
0.770427
0.77236
0.773165
0.771558
0.766239
0.756178
0.740826
0.720371
0.696167
0.670871
0.648132
0.631499
0.623095
0.622928
0.629217
0.639377
0.651063
0.662658
0.673309
0.682632
0.690577
0.697169
0.702609
0.707387
0.712288
0.718244
0.726134
0.736384
0.748785
0.762507
0.776155
0.788235
0.797452
0.802985
0.804558
0.802374
0.797081
0.789755
0.781729
0.774234
0.767965
0.762653
0.757274
0.750582
0.741734
0.730629
0.718125
0.705957
0.696339
0.691283
0.691737
0.697104
0.705465
0.714317
0.721366
0.7251
0.725044
0.721711
0.716256
0.710222
0.705183
0.702327
0.702082
0.703957
0.706795
0.709119
0.709896
0.708927
0.706883
0.705101
0.705255
0.708784
0.716439
0.728002
0.742261
0.757352
0.771236
0.78217
0.788951
0.790946
0.788104
0.781015
0.770887
0.759394
0.748504
0.739882
0.734596
0.7329
0.734109
0.736827
0.739302
0.74006
0.738463
0.734874
0.730373
0.72623
0.72328
0.721658
0.721008
0.720901
0.721178
0.722055
0.723947
0.727076
0.731291
0.736114
0.74088
0.744959
0.747808
0.749041
0.748276
0.74516
0.739414
0.731102
0.720801
0.709931
0.700851
0.696418
0.698639
0.70735
0.720044
0.73312
0.743381
0.74862
0.747862
0.741208
0.7298
0.715741
0.701702
0.690448
0.684022
0.683108
0.686984
0.694
0.70227
0.710399
0.717811
0.724547
0.730774
0.736463
0.741625
0.746492
0.751562
0.7573
0.763757
0.770446
0.776333
0.780068
0.780536
0.777229
0.770401
0.761035
0.750693
0.741082
0.733669
0.72914
0.727124
0.726255
0.724574
0.720336
0.712719
0.702111
0.690068
0.678806
0.670516
0.666751
0.668169
0.674592
0.68529
0.699265
0.715445
0.732762
0.749993
0.765825
0.778828
0.787823
0.792027
0.791183
0.785748
0.776872
0.766159
0.755483
0.746376
0.739469
0.734247
0.729568
0.72442
0.718434
0.711837
0.705151
0.698704
0.692704
0.687243
0.682503
0.678773
0.676524
0.676268
0.678356
0.682791
0.689185
0.696766
0.704612
0.711929
0.718367
0.724101
0.729895
0.736579
0.744447
0.752915
0.760696
0.766635
0.77016
0.771352
0.770627
0.768366
0.764712
0.759499
0.752419
0.74311
0.731399
0.717503
0.702087
0.686256
0.67139
0.658946
0.650129
0.645827
0.646682
0.653179
0.665523
0.683239
0.704822
0.727912
0.749907
0.768651
0.782652
0.79108
0.793678
0.790748
0.783002
0.771517
0.757653
0.742948
0.72899
0.717138
0.708345
0.70313
0.701783
0.704417
0.710875
0.7205
0.732261
0.745032
0.757752
0.769396
0.778764
0.784508
0.785459
0.781104
0.771637
0.757997
0.741796
0.725023
0.709626
0.69715
0.688594
0.684347
0.684295
0.687808
0.693787
0.70087
0.707599
0.712743
0.715387
0.715053
0.711717
0.705813
0.698133
0.689799
0.682078
0.676061
0.672396
0.671175
0.671827
0.673256
0.673999
0.672752
0.669052
0.663686
0.658651
0.656633
0.660081
0.670313
0.687011
0.708253
0.731305
0.753468
0.772803
0.788345
0.80002
0.808402
0.81425
0.818262
0.820943
0.822532
0.822936
0.821903
0.819097
0.814214
0.807073
0.79773
0.786599
0.774596
0.762968
0.752993
0.745613
0.741123
0.739085
0.738507
0.738054
0.736403
0.732622
0.726423
0.718175
0.708756
0.699357
0.691324
0.685869
0.683918
0.685716
0.6907
0.69742
0.704107
0.709088
0.711359
0.710603
0.707124
0.70155
0.694608
0.68706
0.679895
0.674348
0.671568
0.672199
0.67597
0.681826
0.688535
0.695181
0.701339
0.706894
0.71165
0.715157
0.716867
0.716484
0.714119
0.710315
0.705994
0.702129
0.699543
0.698738
0.699784
0.702354
0.705934
0.709924
0.713923
0.717773
0.721581
0.725631
0.730241
0.73561
0.741624
0.747921
0.753866
0.758772
0.762048
0.763338
0.762711
0.760887
0.759058
0.758563
0.76017
0.763647
0.76788
0.771427
0.772792
0.770877
0.765032
0.755231
0.742149
0.727132
0.711918
0.698348
0.687735
0.68052
0.676132
0.673286
0.670761
0.668151
0.666278
0.666811
0.671427
0.680908
0.69473
0.711352
0.72872
0.744787
0.757993
0.767383
0.772663
0.774137
0.772536
0.769019
0.764972
0.761777
0.760385
0.760907
0.762561
0.763926
0.763517
0.760361
0.754139
0.745238
0.734467
0.72299
0.712114
0.70308
0.696758
0.693444
0.692907
0.694633
0.697948
0.702175
0.706613
0.71056
0.713327
0.714379
0.713491
0.710848
0.707074
0.703206
0.700475
0.700122
0.703046
0.709535
0.719184
0.730891
0.743219
0.75472
0.764259
0.771192
0.775311
0.776567
0.774836
0.769971
0.761869
0.750814
0.737688
0.72404
0.711807
0.70293
0.698668
0.699268
0.703864
0.710778
0.718193
0.724613
0.729196
0.731595
0.731612
0.72902
0.723754
0.716135
0.707068
0.697945
0.690361
0.685721
0.684912
0.688149
0.695045
0.704781
0.716222
0.728018
0.738686
0.746779
0.751125
0.751098
0.746861
0.739258
0.729459
0.718641
0.708028
0.698977
0.692894
0.690803
0.692841
0.698073
0.705019
0.712527
0.720331
0.729084
0.739672
0.752265
0.76586
0.778582
0.788494
0.794292
0.795676
0.793202
0.788035
0.781497
0.774763
0.768576
0.763171
0.75832
0.753484
0.748068
0.741559
0.733625
0.724105
0.713345
0.702286
0.692452
0.685534
0.682891
0.685121
0.691853
0.701973
0.713977
0.726201
0.737048
0.74509
0.749219
0.748972
0.744688
0.7373
0.728041
0.717966
0.70774
0.69784
0.688657
0.680625
0.674209
0.669981
0.668649
0.670966
0.67731
0.687198
0.699192
0.711429
0.722283
0.730635
0.735992
0.738381
0.738211
0.736295
0.733833
0.732041
0.731707
0.732701
0.734179
0.735215
0.735415
0.735104
0.735028
0.735959
0.738419
0.742692
0.748965
0.757171
0.766798
0.776888
0.786242
0.793691
0.798348
0.799574
0.796841
0.789965
0.779165
0.765404
0.750343
0.735981
0.724144
0.715926
0.711531
0.710389
0.711647
0.71455
0.718405
0.722333
0.725086
0.725295
0.722115
0.715774
0.707668
0.700015
0.695113
0.694557
0.698484
0.705438
0.712659
0.716861
0.715232
0.706344
0.690697
0.670653
0.649898
0.632488
0.621817
0.619861
0.627117
0.642714
0.66487
0.691303
0.719703
0.74786
0.773795
0.795751
0.812253
0.822268
0.825412
0.822084
0.813371
0.800778
0.785878
0.77004
0.754539
0.740679
0.729752
0.722796
0.720291
0.721844
0.726348
0.732284
0.738246
0.743248
0.746966
0.749579
0.751439
0.752928
0.754154
0.754977
0.75512
0.754266
0.752049
0.74806
0.741909
0.733348
0.722355
0.709162
0.694277
0.678518
0.663154
0.649785
0.640186
0.635911
0.637889
0.646169
0.659846
0.677109
0.695632
0.713195
0.728082
0.739474
0.747238
0.751698
0.753348
0.752734
0.750338
0.746644
0.742107
0.737202
0.732503
0.7287
0.72636
0.725504
0.725204
0.723719
0.719227
0.710773
0.698914
0.685575
0.673386
0.664858
0.661793
0.664962
0.674226
0.688697
0.706871
0.726894
0.746832
0.765014
0.780247
0.791866
0.799604
0.803283
0.802831
0.798447
0.790887
0.781502
0.771888
0.763414
0.756797
0.751887
0.747689
0.742982
0.737192
0.730978
0.726185
0.724757
0.727695
0.734327
0.742603
0.750259
0.75557
0.757611
0.755972
0.75054
0.741509
0.729404
0.715188
0.700176
0.685641
0.672628
0.661743
0.653159
0.646911
0.643089
0.642085
0.644599
0.65126
0.662292
0.677301
0.695156
0.714235
0.732675
0.748747
0.761145
0.76917
0.77294
0.773369
0.771889
0.769869
0.767867
0.765344
0.761147
0.754409
0.745329
0.735376
0.726668
0.721016
0.719136
0.720424
0.723524
0.726987
0.729821
0.731485
0.731762
0.730521
0.727681
0.723382
0.718133
0.712761
0.708108
0.70465
0.702372
0.700978
0.700348
0.700578
0.701906
0.704577
0.708772
0.71464
0.72221
0.731189
0.74101
0.751006
0.760768
0.770255
0.779574
0.788744
0.79743
0.804862
0.809983
0.811768
0.809598
0.803611
0.794795
0.784656
0.774797
0.766426
0.759964
0.755118
0.751073
0.746932
0.741915
0.735438
0.727174
0.717314
0.706624
0.696464
0.688477
0.684014
0.683626
0.68677
0.691811
0.696444
0.698432
0.69632
0.689876
0.680283
0.66997
0.661848
0.658345
0.660439
0.667416
0.677305
0.687751
0.696848
0.703631
0.70801
0.71046
0.71165
0.712156
0.712176
0.71166
0.710374
0.708017
0.704349
0.699311
0.693129
0.686421
0.680104
0.675153
0.672318
0.671976
0.674128
0.678798
0.686261
0.696974
0.711277
0.728943
0.749045
0.769985
0.789798
0.806513
0.818439
0.824541
0.824658
0.819538
0.810806
0.800724
0.791625
0.785159
0.781671
0.780051
0.778338
0.774421
0.766729
0.754575
0.73812
0.718213
0.696395
0.674832
0.656126
0.642686
0.635997
0.636002
0.64122
0.649631
0.659552
0.669973
0.6804
0.690673
0.700741
0.710532
0.720046
0.729256
0.737877
0.745302
0.750834
0.753966
0.754803
0.754057
0.752914
0.752625
0.754014
0.757164
0.761347
0.765227
0.76751
0.767399
0.764835
0.760458
0.755317
0.750491
0.746806
0.744715
0.744188
0.744708
0.745365
0.745066
0.74283
0.738188
0.731426
0.7236
0.716232
0.710814
0.708175
0.708232
0.710055
0.712416
0.71442
0.715807
0.716882
0.718263
0.720471
0.723754
0.727931
0.732505
0.736742
0.739896
0.74145
0.74118
0.739267
0.736223
0.732752
0.729661
0.727585
0.726701
0.726549
0.726282
0.724974
0.72203
0.717375
0.711474
0.705208
0.699707
0.696082
0.695226
0.697589
0.702939
0.710525
0.719238
0.727966
0.735849
0.742356
0.747279
0.750748
0.753153
0.754893
0.756186
0.756871
0.756524
0.754637
0.750994
0.74594
0.740441
0.735811
0.796967
0.794887
0.793829
0.793121
0.791843
0.789253
0.785027
0.779428
0.77316
0.766981
0.761505
0.756996
0.753551
0.751141
0.749628
0.748908
0.748813
0.749152
0.749674
0.749866
0.749015
0.746461
0.741877
0.735407
0.727667
0.719604
0.712373
0.707115
0.704797
0.706386
0.712838
0.724809
0.742274
0.764159
0.788329
0.811974
0.832218
0.846681
0.853817
0.853038
0.84487
0.830743
0.812605
0.79245
0.771988
0.752494
0.73491
0.720065
0.708927
0.702743
0.70263
0.709014
0.721014
0.736577
0.753214
0.768753
0.781819
0.79185
0.798785
0.802806
0.804096
0.802717
0.798709
0.792293
0.784222
0.775803
0.768752
0.764713
0.764742
0.76876
0.775594
0.783167
0.789067
0.791077
0.787972
0.779922
0.768447
0.755997
0.74495
0.736742
0.731437
0.727916
0.724675
0.720554
0.715136
0.708785
0.702446
0.697382
0.694808
0.695609
0.700056
0.707898
0.718672
0.731938
0.747359
0.764351
0.781955
0.798892
0.813602
0.824695
0.831233
0.832943
0.830251
0.824033
0.815409
0.805548
0.795472
0.786177
0.77872
0.774
0.772437
0.773649
0.776433
0.779029
0.779875
0.778019
0.773471
0.767026
0.75972
0.752134
0.744423
0.736834
0.73031
0.726474
0.726729
0.731547
0.740381
0.752317
0.766442
0.781812
0.797118
0.810513
0.81972
0.822547
0.817252
0.802938
0.779752
0.749093
0.713715
0.677594
0.64543
0.621869
0.610385
0.612418
0.62706
0.651365
0.68118
0.712243
0.741116
0.765745
0.78556
0.801083
0.813488
0.824072
0.833734
0.842793
0.850864
0.856961
0.859751
0.85801
0.851078
0.839254
0.823803
0.806368
0.788481
0.771333
0.75602
0.743746
0.735524
0.731894
0.732819
0.737699
0.745351
0.754126
0.762026
0.767041
0.76771
0.763529
0.755324
0.745133
0.735559
0.728992
0.726664
0.728498
0.733562
0.740797
0.749362
0.758806
0.768841
0.778969
0.788335
0.795699
0.799627
0.798928
0.792965
0.781876
0.766574
0.748541
0.729648
0.711939
0.697296
0.687305
0.68307
0.685148
0.693355
0.70679
0.724041
0.743535
0.763851
0.783783
0.802232
0.81809
0.830281
0.837776
0.840021
0.837055
0.829811
0.82003
0.809804
0.800989
0.794655
0.790809
0.788521
0.786389
0.783022
0.777633
0.77024
0.76148
0.752335
0.743817
0.736781
0.731948
0.729888
0.730855
0.734653
0.740608
0.74767
0.754603
0.760252
0.763712
0.764433
0.7623
0.757653
0.751337
0.744427
0.737981
0.732928
0.730032
0.729929
0.733151
0.739898
0.749801
0.761714
0.773927
0.784644
0.792629
0.797467
0.799356
0.798648
0.795495
0.789865
0.781804
0.771568
0.759769
0.747467
0.736142
0.727621
0.723571
0.724825
0.730975
0.740452
0.751185
0.761422
0.77004
0.776419
0.780232
0.781449
0.780564
0.778582
0.77683
0.776487
0.77819
0.782013
0.787548
0.794055
0.800446
0.805565
0.808315
0.808092
0.80495
0.79958
0.793034
0.786406
0.780365
0.775039
0.769799
0.763283
0.753825
0.74014
0.722145
0.701405
0.680919
0.664183
0.65404
0.651941
0.65775
0.669936
0.686124
0.703715
0.720322
0.734289
0.744896
0.75244
0.758006
0.763154
0.769521
0.778352
0.790146
0.804599
0.820721
0.837224
0.852647
0.865335
0.873351
0.874692
0.867822
0.852334
0.829377
0.801741
0.773277
0.748021
0.729183
0.718455
0.715835
0.720026
0.729057
0.740846
0.753346
0.764784
0.773728
0.779372
0.781725
0.781591
0.780327
0.779326
0.779666
0.781827
0.785629
0.79051
0.795736
0.800579
0.804215
0.805498
0.803064
0.79574
0.783036
0.765396
0.744238
0.721767
0.700655
0.683617
0.673032
0.670511
0.676672
0.690868
0.711088
0.734153
0.756523
0.775259
0.788361
0.794677
0.793843
0.786233
0.773006
0.756174
0.73842
0.722846
0.712474
0.709697
0.715508
0.728886
0.747142
0.766845
0.78486
0.799135
0.808775
0.813877
0.815201
0.813797
0.810797
0.807111
0.803168
0.798723
0.79311
0.785613
0.775795
0.763723
0.749866
0.735082
0.72045
0.707263
0.696934
0.690835
0.690012
0.694875
0.70496
0.718932
0.734927
0.750847
0.764764
0.77517
0.78118
0.782607
0.779946
0.77417
0.766653
0.758854
0.751896
0.746469
0.742683
0.740094
0.738038
0.735968
0.733946
0.732461
0.73245
0.734838
0.740193
0.748451
0.758879
0.770201
0.780904
0.789533
0.795072
0.7973
0.796717
0.794311
0.791226
0.788352
0.786076
0.784269
0.782408
0.77986
0.776024
0.770418
0.762858
0.753623
0.74348
0.733855
0.72656
0.723189
0.724165
0.728365
0.733406
0.736902
0.737563
0.735584
0.732447
0.730066
0.72997
0.732825
0.738441
0.746096
0.754941
0.764344
0.773673
0.782085
0.788416
0.791514
0.790761
0.78633
0.779255
0.771257
0.764253
0.759959
0.759423
0.762391
0.767141
0.770849
0.770533
0.764246
0.751971
0.735748
0.719012
0.705389
0.697807
0.698012
0.706289
0.721254
0.740223
0.759954
0.777467
0.790595
0.798217
0.800305
0.797565
0.79133
0.783244
0.774997
0.768065
0.763455
0.761719
0.762999
0.767038
0.773357
0.781419
0.790675
0.800632
0.810593
0.819562
0.826034
0.828234
0.824777
0.815367
0.801084
0.784304
0.767932
0.754628
0.745938
0.742083
0.74202
0.743939
0.746061
0.747106
0.746489
0.7443
0.741058
0.73759
0.734868
0.733826
0.735214
0.739409
0.746363
0.75555
0.765915
0.775932
0.783768
0.787583
0.786026
0.7787
0.766277
0.750385
0.733301
0.717515
0.705326
0.698451
0.697747
0.70306
0.713384
0.727246
0.742921
0.758624
0.772665
0.783457
0.789748
0.79096
0.787537
0.781232
0.774879
0.771635
0.773858
0.782122
0.794972
0.809567
0.822706
0.83172
0.834944
0.83181
0.82261
0.808534
0.791388
0.773416
0.756787
0.743241
0.733789
0.728524
0.726773
0.727412
0.729322
0.731758
0.734577
0.738261
0.74352
0.750781
0.759646
0.768873
0.776966
0.782644
0.785268
0.784734
0.781427
0.77603
0.76941
0.76243
0.755834
0.750119
0.745599
0.742407
0.740645
0.740323
0.741288
0.743013
0.744583
0.745086
0.743936
0.740999
0.736506
0.730848
0.724627
0.718682
0.714023
0.711538
0.711781
0.714768
0.720045
0.726813
0.734095
0.740808
0.746056
0.749136
0.749737
0.748001
0.744478
0.740231
0.736798
0.736026
0.739636
0.748461
0.762006
0.778345
0.794545
0.807521
0.814855
0.815415
0.809476
0.79852
0.784789
0.770724
0.758513
0.749792
0.745699
0.746931
0.753727
0.765915
0.7828
0.803044
0.824717
0.845266
0.862032
0.872899
0.876892
0.874508
0.86749
0.857991
0.847811
0.837804
0.827839
0.817089
0.804581
0.789803
0.772991
0.755061
0.737344
0.721219
0.707943
0.698535
0.693549
0.692779
0.695111
0.698835
0.702309
0.70424
0.703668
0.69993
0.692727
0.682358
0.669873
0.65728
0.6475
0.643817
0.648895
0.663356
0.685145
0.710406
0.735083
0.756077
0.771839
0.782315
0.788665
0.792628
0.795696
0.798513
0.801039
0.80299
0.804133
0.804282
0.803232
0.80062
0.796068
0.789415
0.780844
0.770881
0.760467
0.750984
0.74406
0.741366
0.744112
0.752639
0.766076
0.782592
0.799721
0.814932
0.826185
0.832235
0.832671
0.827877
0.818947
0.807569
0.79585
0.786012
0.779915
0.778426
0.781116
0.786132
0.790555
0.791392
0.786639
0.776292
0.762521
0.748558
0.736805
0.72766
0.719991
0.712551
0.704838
0.697153
0.690249
0.685008
0.682221
0.682549
0.686449
0.693991
0.704576
0.716774
0.728653
0.738492
0.745366
0.749274
0.750916
0.751113
0.750413
0.74899
0.746819
0.743985
0.740875
0.738173
0.736809
0.737542
0.740685
0.746137
0.753402
0.761945
0.771321
0.78126
0.791519
0.80197
0.812592
0.823304
0.833782
0.843179
0.850089
0.852813
0.849957
0.841194
0.827683
0.811655
0.795979
0.783319
0.775557
0.773373
0.776401
0.783361
0.792274
0.80083
0.806711
0.808178
0.804365
0.795297
0.781789
0.765225
0.747181
0.729013
0.71152
0.694991
0.67947
0.66504
0.651956
0.640752
0.632305
0.62777
0.628543
0.635798
0.64997
0.670296
0.694907
0.72118
0.74636
0.76827
0.785592
0.797921
0.805363
0.808242
0.80699
0.802124
0.794397
0.784864
0.77493
0.766094
0.759684
0.756552
0.756916
0.7603
0.765759
0.772042
0.777947
0.78268
0.785945
0.787913
0.789141
0.790247
0.791679
0.793531
0.795424
0.796565
0.796074
0.793293
0.788044
0.780692
0.772106
0.763432
0.755762
0.749907
0.746166
0.744288
0.743457
0.742622
0.740805
0.737474
0.732752
0.727296
0.722086
0.718132
0.715998
0.715408
0.715353
0.714668
0.71286
0.710466
0.708868
0.709832
0.714841
0.724437
0.737991
0.753842
0.769805
0.783706
0.793871
0.799182
0.799272
0.794395
0.785464
0.774137
0.762878
0.754816
0.752876
0.758511
0.770766
0.786576
0.802295
0.815067
0.82313
0.825823
0.823189
0.815695
0.803952
0.788691
0.770772
0.751425
0.73236
0.715593
0.703086
0.696166
0.695307
0.700246
0.710153
0.724009
0.740843
0.759534
0.778707
0.796626
0.811414
0.82156
0.826406
0.826289
0.822368
0.816003
0.808118
0.798856
0.787876
0.774886
0.760064
0.744191
0.728369
0.713703
0.701236
0.691943
0.686828
0.686966
0.693098
0.705247
0.722365
0.742294
0.762211
0.779061
0.790208
0.79401
0.790151
0.780086
0.766868
0.754635
0.746767
0.744567
0.747237
0.753041
0.76044
0.768401
0.776334
0.78379
0.790414
0.795958
0.800419
0.804107
0.807619
0.811436
0.8155
0.819049
0.820721
0.81892
0.812331
0.80035
0.783219
0.762043
0.738684
0.715682
0.695895
0.682164
0.676745
0.680807
0.694086
0.714953
0.740753
0.768171
0.793669
0.814079
0.827016
0.831345
0.827331
0.816431
0.800922
0.783372
0.766123
0.750945
0.738843
0.730101
0.724547
0.721799
0.721506
0.723492
0.727603
0.733548
0.740909
0.749146
0.757738
0.766143
0.77376
0.779929
0.784004
0.785505
0.784506
0.781823
0.778709
0.776517
0.776153
0.777673
0.78037
0.783153
0.784893
0.784457
0.780864
0.773354
0.787802
0.770764
0.751203
0.731851
0.715751
0.705424
0.702247
0.706263
0.716374
0.730746
0.747222
0.763914
0.779602
0.793664
0.805565
0.814416
0.818996
0.818136
0.811801
0.801557
0.790431
0.781922
0.778417
0.779922
0.784264
0.788151
0.788649
0.784221
0.774988
0.762491
0.749269
0.738201
0.732024
0.732759
0.741083
0.755801
0.774231
0.7931
0.809602
0.82209
0.830132
0.834096
0.834675
0.832534
0.827914
0.820853
0.811402
0.799986
0.787715
0.776048
0.76633
0.75924
0.754731
0.752232
0.751164
0.751141
0.752044
0.753825
0.756482
0.760189
0.765179
0.771506
0.778687
0.785411
0.789754
0.789729
0.783941
0.772085
0.755251
0.735941
0.717697
0.704176
0.698259
0.701147
0.712043
0.728658
0.748115
0.767846
0.785877
0.800666
0.810807
0.815292
0.8139
0.807554
0.79846
0.789746
0.784813
0.78635
0.795315
0.810544
0.829041
0.846989
0.860821
0.867982
0.867239
0.858637
0.843327
0.82328
0.801047
0.779414
0.760934
0.747391
0.739319
0.73627
0.737082
0.740213
0.744292
0.74833
0.751867
0.754902
0.757552
0.75986
0.761829
0.763609
0.765592
0.768287
0.772151
0.777524
0.784558
0.793176
0.802987
0.813278
0.823111
0.831406
0.837002
0.838924
0.836587
0.829825
0.819143
0.805831
0.792057
0.780497
0.773526
0.772287
0.776139
0.782997
0.79007
0.79495
0.796262
0.793641
0.787247
0.777563
0.765298
0.751454
0.737263
0.723903
0.7122
0.702736
0.695976
0.692716
0.694131
0.70149
0.71547
0.735271
0.758333
0.780948
0.799564
0.811644
0.816361
0.814577
0.808366
0.800383
0.793119
0.788235
0.786247
0.786646
0.788363
0.790303
0.791694
0.792146
0.791655
0.790385
0.788462
0.785759
0.781753
0.775794
0.767594
0.757667
0.74744
0.738802
0.733515
0.732652
0.736281
0.743603
0.753157
0.763361
0.772682
0.779873
0.784207
0.785574
0.784355
0.781309
0.777363
0.773506
0.770758
0.770043
0.772005
0.776808
0.783895
0.792
0.79958
0.805353
0.808634
0.80942
0.808196
0.805562
0.801951
0.797543
0.792179
0.785693
0.777984
0.769126
0.759529
0.749966
0.741591
0.735899
0.734297
0.73757
0.745478
0.756802
0.769663
0.781975
0.791921
0.79831
0.800723
0.799699
0.796685
0.793628
0.792042
0.792237
0.793219
0.793459
0.791959
0.788899
0.785617
0.783681
0.783775
0.785351
0.787063
0.787722
0.786848
0.784751
0.78222
0.780119
0.778995
0.778972
0.779723
0.78073
0.781461
0.781772
0.781986
0.782768
0.784642
0.78749
0.790583
0.792993
0.794116
0.793873
0.792696
0.791159
0.789588
0.787915
0.785772
0.782771
0.778719
0.77362
0.767555
0.760403
0.751929
0.742005
0.730851
0.719265
0.708651
0.701005
0.698612
0.703387
0.715909
0.735122
0.758953
0.785092
0.81128
0.835276
0.854945
0.868655
0.875816
0.877171
0.874487
0.869778
0.864335
0.858262
0.85084
0.841061
0.82824
0.812267
0.793637
0.77317
0.751775
0.730294
0.70955
0.690628
0.674908
0.663884
0.658874
0.660939
0.670615
0.687771
0.711431
0.739676
0.7698
0.798645
0.823237
0.841264
0.851485
0.853765
0.849071
0.83927
0.82696
0.815141
0.806658
0.803567
0.806373
0.813809
0.823229
0.831406
0.835445
0.833372
0.82437
0.808825
0.788236
0.764895
0.741481
0.720416
0.703541
0.691986
0.686354
0.686781
0.692737
0.702897
0.715232
0.727395
0.737444
0.7444
0.748519
0.751055
0.753675
0.757871
0.764462
0.773529
0.784428
0.796
0.806748
0.8153
0.820575
0.821911
0.81917
0.812565
0.802673
0.790405
0.777047
0.764251
0.753853
0.747428
0.745722
0.748434
0.754445
0.76232
0.770799
0.779077
0.786803
0.793906
0.800403
0.806039
0.810142
0.811598
0.809241
0.802429
0.79154
0.778181
0.764988
0.754726
0.749341
0.749249
0.753472
0.760192
0.767389
0.773369
0.777155
0.778521
0.777845
0.775809
0.773172
0.770675
0.768904
0.768326
0.769288
0.772042
0.776674
0.78297
0.790298
0.797679
0.804135
0.809083
0.812417
0.814478
0.815557
0.815717
0.814637
0.811886
0.807021
0.799763
0.790102
0.778422
0.765571
0.752691
0.740853
0.730802
0.723188
0.718759
0.718259
0.722168
0.730307
0.741774
0.755332
0.769601
0.783442
0.795926
0.806363
0.814226
0.819138
0.82086
0.81931
0.814599
0.807034
0.797235
0.786125
0.774902
0.764961
0.757607
0.75383
0.753975
0.7576
0.763569
0.770409
0.776591
0.780787
0.782238
0.7808
0.776974
0.771836
0.766838
0.763467
0.763059
0.766198
0.77238
0.780149
0.787509
0.792624
0.794431
0.792948
0.789124
0.784362
0.779966
0.776732
0.774869
0.774207
0.774357
0.774739
0.774726
0.773866
0.771929
0.768939
0.765189
0.760982
0.756834
0.753623
0.752644
0.755358
0.762664
0.774409
0.789308
0.805395
0.820562
0.833003
0.841334
0.844681
0.842612
0.835248
0.823153
0.807353
0.78933
0.77084
0.753532
0.738613
0.72662
0.717575
0.71141
0.708545
0.709875
0.71624
0.727727
0.743372
0.761382
0.779748
0.796684
0.810866
0.821441
0.828024
0.830578
0.829367
0.824945
0.818166
0.810119
0.802043
0.79499
0.789545
0.785665
0.7828
0.780141
0.777178
0.77386
0.770484
0.767359
0.764374
0.760882
0.756083
0.749424
0.740866
0.730997
0.720979
0.712275
0.70613
0.703197
0.703307
0.70579
0.709847
0.714784
0.719986
0.724809
0.728752
0.731596
0.73342
0.734562
0.735636
0.737556
0.741494
0.748648
0.759645
0.77418
0.791099
0.808883
0.826184
0.841959
0.855239
0.86478
0.869187
0.867393
0.859078
0.844929
0.826422
0.805482
0.784104
0.764065
0.746862
0.73368
0.725167
0.721323
0.721766
0.726189
0.734661
0.747326
0.763858
0.782984
0.802697
0.820793
0.835536
0.845743
0.850824
0.85075
0.845987
0.837482
0.826602
0.8148
0.803423
0.793524
0.78583
0.780744
0.778413
0.778665
0.780948
0.784334
0.787617
0.789452
0.788496
0.783609
0.774245
0.760604
0.743771
0.725761
0.709349
0.697356
0.69149
0.691908
0.697728
0.707938
0.72156
0.737368
0.753514
0.767634
0.777332
0.781032
0.778527
0.771072
0.761037
0.751246
0.74414
0.741085
0.742126
0.745974
0.750638
0.754161
0.755212
0.753478
0.749593
0.744878
0.741087
0.740079
0.743473
0.752248
0.766391
0.784756
0.80531
0.825559
0.843072
0.855917
0.862962
0.86392
0.859323
0.850253
0.838019
0.824067
0.809966
0.797486
0.788523
0.784627
0.786405
0.793243
0.80337
0.814253
0.823236
0.828159
0.827751
0.821489
0.809615
0.793106
0.773565
0.75306
0.733794
0.717761
0.706271
0.69975
0.697921
0.700141
0.705848
0.714671
0.726178
0.739669
0.754116
0.768346
0.781454
0.793064
0.803198
0.811892
0.818781
0.82305
0.823647
0.819919
0.812044
0.801103
0.788843
0.776979
0.766846
0.759162
0.754119
0.751814
0.752291
0.755507
0.760953
0.76754
0.773833
0.778734
0.781913
0.783778
0.785111
0.786668
0.788891
0.791961
0.795729
0.799751
0.803492
0.806614
0.809025
0.810775
0.8118
0.811671
0.809676
0.805242
0.798356
0.789929
0.781717
0.775876
0.774328
0.77804
0.786786
0.799263
0.813384
0.826742
0.836948
0.842076
0.840928
0.833117
0.819193
0.800494
0.778708
0.755621
0.732929
0.712303
0.69543
0.683827
0.678575
0.680068
0.687928
0.700968
0.717296
0.734635
0.75074
0.763947
0.773447
0.779382
0.782556
0.783923
0.784357
0.784456
0.78461
0.785044
0.785686
0.786254
0.786264
0.785065
0.781971
0.776524
0.768622
0.75869
0.74768
0.737059
0.728604
0.724115
0.72514
0.732565
0.74625
0.764839
0.785877
0.806304
0.82321
0.834626
0.839673
0.838494
0.831895
0.820962
0.80696
0.791271
0.775416
0.761123
0.750061
0.743583
0.742144
0.745164
0.751033
0.75752
0.762462
0.764299
0.762515
0.757574
0.750587
0.74282
0.735291
0.728549
0.722743
0.717875
0.71405
0.711804
0.712184
0.716544
0.725977
0.740982
0.761061
0.784724
0.809819
0.833897
0.854715
0.870664
0.880785
0.884685
0.882431
0.87448
0.861664
0.845446
0.827796
0.810979
0.796963
0.786921
0.780946
0.778333
0.778158
0.779601
0.781981
0.784439
0.785886
0.785224
0.781731
0.775578
0.767858
0.760236
0.754269
0.750875
0.749961
0.750589
0.751555
0.751844
0.751071
0.749461
0.74746
0.745297
0.742866
0.73989
0.736233
0.732285
0.729098
0.728103
0.730628
0.737233
0.747346
0.759357
0.771046
0.780172
0.785221
0.785854
0.782939
0.778209
0.773554
0.770243
0.768744
0.768993
0.770685
0.773336
0.776267
0.778526
0.779139
0.77754
0.77393
0.769275
0.765024
0.762656
0.763233
0.767167
0.774159
0.783342
0.793416
0.802855
0.810154
0.814181
0.814524
0.811636
0.806613
0.800749
0.79506
0.790299
0.786917
0.785028
0.784241
0.783636
0.781868
0.778054
0.772582
0.767447
0.76501
0.766362
0.770908
0.777323
0.78453
0.791731
0.798216
0.803606
0.807872
0.811279
0.814164
0.816513
0.817827
0.81722
0.813886
0.807409
0.79806
0.786647
0.774138
0.761488
0.749563
0.739101
0.7309
0.725817
0.724621
0.72785
0.735619
0.747497
0.762473
0.779089
0.795651
0.810383
0.82164
0.828127
0.829065
0.824288
0.814345
0.800286
0.783502
0.765565
0.748004
0.732229
0.719563
0.711304
0.708507
0.711747
0.720829
0.734566
0.750788
0.766785
0.780083
0.789226
0.794214
0.796264
0.797247
0.798872
0.802081
0.806821
0.812279
0.817134
0.820189
0.82052
0.817766
0.812131
0.80427
0.794949
0.785023
0.775347
0.766692
0.759751
0.755039
0.75285
0.75328
0.756186
0.761235
0.767738
0.774669
0.780732
0.784737
0.786003
0.784702
0.781886
0.779174
0.778095
0.779691
0.784189
0.791095
0.799645
0.809174
0.819226
0.829295
0.838591
0.845882
0.849871
0.849743
0.84564
0.838386
0.828947
0.817846
0.805043
0.790286
0.773765
0.756583
0.740735
0.728702
0.722376
0.722147
0.726685
0.733583
0.740381
0.745515
0.748736
0.7508
0.752531
0.753915
0.754053
